GEBCO/GEBCO_06_Apr_2023_8d40773babca/gebco_2022_n38.584_s35.2661_w128.4741_e131.8689.asc
ncols        815
nrows        796
xllcorner    128.475000000000
yllcorner    35.266666666667
cellsize     0.004166666667
NODATA_value -32767
[rows 74 to 110 of 796, columns 498 to 580 of 815]
-2065 -2041 -2018 -2015 -2017 -2023 -2047 -2072 -2106 -2140 -2166 -2192 -2203 -2208 -2212 -2206 -2196 -2181 -2164 -2144 -2126 -2117 -2099 -2081 -2064 -2044 -2022 -1998 -1973 -1961 -1938 -1916 -1910 -1909 -1931 -1963 -2014 -2043 -2104 -2169 -2234 -2289 -2343 -2379 -2412 -2421 -2434 -2442 -2439 -2434 -2422 -2409 -2390 -2381 -2357 -2331 -2299 -2263 -2223 -2178 -2132 -2106 -2055 -1999 -1942 -1879 -1815 -1749 -1684 -1652 -1605 -1558 -1539 -1522 -1531 -1543 -1568 -1582 -1610 -1638 -1665 -1689 -1712
-2053 -2030 -2010 -2007 -2012 -2016 -2036 -2057 -2090 -2124 -2150 -2176 -2188 -2193 -2197 -2188 -2176 -2158 -2139 -2119 -2099 -2090 -2073 -2054 -2035 -2013 -1986 -1959 -1931 -1917 -1893 -1870 -1868 -1876 -1906 -1949 -2005 -2039 -2107 -2175 -2242 -2298 -2351 -2385 -2538 -2425 -2435 -2442 -2437 -2432 -2419 -2407 -2387 -2377 -2354 -2326 -2296 -2260 -2223 -2179 -2135 -2110 -2061 -2008 -1953 -1896 -1837 -1779 -1722 -1694 -1650 -1609 -1594 -1585 -1594 -1609 -1631 -1644 -1669 -1692 -1714 -1732 -1749
-2044 -2022 -2006 -2003 -2009 -2012 -2030 -2048 -2077 -2107 -2131 -2154 -2166 -2170 -2175 -2164 -2009 -2131 -2111 -2091 -2072 -2064 -2047 -2030 -2009 -1986 -1955 -1925 -1897 -1883 -1863 -1847 -1849 -1864 -1897 -1949 -2009 -2044 -2115 -2184 -2252 -2307 -2358 -2392 -2418 -2429 -2436 -2442 -2435 -2429 -2416 -2402 -2383 -2374 -2352 -2324 -2296 -2261 -2225 -2184 -2142 -2118 -2070 -2019 -1967 -1915 -1862 -1811 -1761 -1736 -1699 -1666 -1654 -1651 -1659 -1674 -1692 -1702 -1722 -1740 -1756 -1772 -1786
-2042 -2020 -2007 -2002 -2008 -2011 -2026 -2042 -2065 -2089 -2110 -2128 -2138 -2141 -2144 -2131 -2118 -2099 -2079 -2062 -2045 -2037 -2023 -2007 -1986 -1962 -1929 -1895 -1869 -1856 -1840 -1834 -1842 -1867 -1904 -1961 -2023 -2059 -2130 -2197 -2262 -2315 -2363 -2396 -2419 -2430 -2435 -2440 -2433 -2425 -2412 -2398 -2380 -2370 -2350 -2324 -2297 -2264 -2231 -2192 -2153 -2131 -2086 -2039 -1990 -1941 -1894 -1848 -1803 -1781 -1749 -1726 -1717 -1716 -1722 -1735 -1749 -2017 -1771 -1783 -1795 -1805 -1815
-2107 -2025 -2107 -2008 -2014 -2016 -2026 -2038 -2053 -2071 -2086 -2099 -2106 -2107 -2108 -2096 -2083 -2066 -2050 -2035 -2022 -2016 -2004 -1991 -1970 -1949 -1917 -1886 -1864 -1853 -1840 -1841 -1853 -1886 -1926 -1983 -2044 -2078 -2146 -2210 -2271 -2323 -2366 -2399 -2419 -2429 -2435 -2438 -2431 -2423 -2410 -2395 -2377 -2368 -2349 -2324 -2300 -2269 -2238 -2202 -2165 -2145 -2102 -2059 -2013 -1968 -1926 -1884 -1846 -1827 -1800 -1782 -1772 -1772 -1775 -1785 -1796 -1802 -1813 -1822 -1830 -1836 -1840
-2107 -2035 -2107 -2018 -2021 -2023 -2029 -2037 -2046 -2057 -2066 -2073 -2077 -2076 -2075 -2064 -2000 -2038 -2024 -2012 -2002 -1997 -2000 -2000 -1960 -1943 -1917 -1891 -1875 -1869 -1862 -1872 -1888 -1926 -1966 -2020 -2073 -2104 -2165 -2223 -2280 -2330 -2369 -2402 -2419 -2428 -2434 -2436 -2430 -2421 -2408 -2393 -2376 -2367 -2349 -2326 -2304 -2276 -2247 -2213 -2179 -2160 -2119 -2078 -2038 -1998 -1957 -1917 -1887 -1872 -2000 -1832 -1821 -1820 -1819 -1825 -1830 -1834 -1841 -1846 -1850 -1853 -1854
-2080 -2057 -2045 -2034 -2033 -2033 -2035 -2039 -2042 -2046 -2049 -2051 -2051 -2050 -2047 -2039 -2000 -2020 -2010 -2002 -1995 -1991 -2000 -1979 -1967 -1956 -1938 -1917 -1906 -1902 -1899 -1915 -1933 -1972 -2009 -2057 -2105 -2132 -2186 -2239 -2290 -2336 -2371 -2402 -2418 -2426 -2433 -2434 -2429 -2420 -2408 -2393 -2377 -2368 -2350 -2329 -2307 -2281 -2254 -2223 -2190 -2173 -2135 -2097 -2060 -2022 -1987 -1953 -1925 -1912 -2000 -1875 -1862 -1859 -1856 -1858 -1859 -1861 -1863 -1865 -1866 -1866 -1865
-2090 -2068 -2055 -2043 -2041 -2040 -2039 -2041 -2042 -2043 -2043 -2044 -2043 -2041 -2036 -2000 -2000 -2013 -2006 -1999 -1992 -2000 -2000 -1978 -1971 -1963 -1949 -1934 -1927 -1925 -1925 -1942 -1960 -1996 -2032 -2076 -2121 -2146 -2198 -2248 -2295 -2340 -2372 -2402 -2418 -2425 -2433 -2433 -2429 -2420 -2408 -2394 -2378 -2369 -2351 -2330 -2309 -2284 -2257 -2227 -2195 -2179 -2142 -2106 -2070 -2034 -2002 -1970 -1944 -1932 -2000 -1894 -1880 -1874 -1869 -1868 -1868 -1869 -1870 -1871 -1871 -1870 -1869
-2113 -2092 -2079 -2067 -2146 -2057 -2052 -2047 -2042 -2038 -2033 -2030 -2026 -2024 -2018 -2000 -2000 -2003 -1999 -1995 -1992 -2000 -2000 -1988 -1985 -1982 -1978 -1973 -1973 -1975 -1980 -1997 -2015 -2045 -2075 -2113 -2153 -2174 -2218 -2261 -2304 -2344 -2374 -2403 -2417 -2439 -2439 -2431 -2428 -2419 -2409 -2395 -2381 -2372 -2354 -2334 -2312 -2288 -2262 -2233 -2203 -2187 -2154 -2120 -2087 -2054 -2025 -1997 -1973 -1962 -2000 -1925 -1909 -1901 -1892 -1889 -1886 -1885 -1884 -1882 -1879 -1877 -1875
-2133 -2113 -2099 -2086 -2076 -2071 -2061 -2052 -2043 -2036 -2028 -2022 -2016 -2014 -2008 -2000 -2000 -1921 -1993 -1991 -1993 -2000 -2000 -1996 -1997 -1998 -2000 -2001 -2006 -2010 -2019 -2035 -2053 -2079 -2107 -2141 -2178 -2197 -2235 -2271 -2310 -2347 -2376 -2403 -2417 -2422 -2430 -2430 -2428 -2420 -2411 -2399 -2386 -2377 -2359 -2339 -2317 -2293 -2266 -2238 -2208 -2193 -2161 -2129 -2100 -2072 -2045 -2020 -1997 -1987 -2000 -1950 -1934 -1922 -1911 -1904 -1898 -1895 -1892 -1888 -1884 -1880 -1877
-2143 -2127 -2112 -2099 -2087 -2081 -2069 -2057 -2044 -2033 -2023 -2016 -2009 -2006 -2001 -2000 -1995 -1921 -1994 -1994 -1996 -2000 -2000 -2003 -2006 -2011 -2016 -2023 -2031 -2037 -2049 -2066 -2086 -2109 -2135 -2165 -2198 -2215 -2249 -2283 -2317 -2351 -2378 -2402 -2415 -2420 -2428 -2428 -2428 -2421 -2414 -2402 -2391 -2382 -2364 -2345 -2321 -2297 -2269 -2242 -2212 -2197 -2168 -2138 -2110 -2084 -2060 -2037 -2016 -2006 -2000 -1971 -1954 -1940 -1927 -1917 -1909 -1905 -1899 -1893 -1888 -1883 -1878
-2147 -2131 -2116 -2101 -2087 -2080 -2066 -2146 -2040 -2029 -2018 -2010 -2004 -2000 -2000 -2000 -1993 -1921 -1994 -2000 -2000 -2000 -2004 -2008 -2012 -2019 -2026 -2035 -2046 -2053 -2069 -2088 -2110 -2133 -2159 -2186 -2215 -2230 -2262 -2294 -2325 -2355 -2379 -2400 -2413 -2418 -2426 -2426 -2427 -2421 -2416 -2406 -2395 -2387 -2369 -2350 -2326 -2301 -2273 -2245 -2216 -2202 -2173 -2146 -2119 -2095 -2071 -2049 -2028 -2019 -2000 -1983 -1967 -1952 -1939 -1928 -1919 -1914 -1907 -1899 -1892 -1886 -1879
-2146 -2132 -2116 -2147 -2084 -2077 -2062 -2048 -2035 -2024 -2014 -2007 -2001 -2000 -2000 -2000 -1993 -1994 -1996 -2000 -2000 -2000 -2008 -2012 -2018 -2025 -2033 -2046 -2058 -2067 -2085 -2105 -2128 -2152 -2176 -2201 -2228 -2241 -2271 -2301 -2330 -2357 -2379 -2398 -2411 -2415 -2422 -2424 -2425 -2421 -2417 -2408 -2398 -2392 -2374 -2356 -2331 -2307 -2279 -2251 -2222 -2207 -2180 -2153 -2127 -2103 -2080 -2059 -2038 -2000 -2000 -1994 -1978 -1963 -1949 -1937 -1926 -1920 -1910 -1901 -1893 -1886 -1878
-2139 -2124 -2109 -2093 -2077 -2069 -2054 -2041 -2028 -2018 -2010 -2003 -1998 -2000 -2000 -2000 -1994 -1995 -1998 -2000 -2000 -2000 -2011 -2017 -2023 -2032 -2040 -2054 -2069 -2078 -2099 -2120 -2144 -2167 -2191 -2214 -2238 -2250 -2277 -2304 -2330 -2355 -2376 -2392 -2405 -2409 -2417 -2420 -2422 -2420 -2417 -2410 -2401 -2395 -2378 -2361 -2337 -2312 -2285 -2257 -2229 -2215 -2187 -2161 -2135 -2111 -2087 -2066 -2045 -2000 -2000 -2002 -1987 -1972 -1958 -1944 -1931 -1924 -1913 -1903 -1894 -1885 -1877
-2132 -2117 -2102 -2085 -2069 -2062 -2047 -2034 -2023 -2109 -2109 -1999 -1996 -2000 -2000 -2000 -1994 -1996 -1999 -2000 -2000 -2000 -2015 -2022 -2029 -2038 -2048 -2062 -2078 -2087 -2108 -2130 -2153 -2176 -2198 -2219 -2243 -2255 -2279 -2304 -2328 -2352 -2372 -2387 -2400 -2404 -2413 -2417 -2419 -2419 -2416 -2410 -2401 -2397 -2381 -2365 -2342 -2319 -2292 -2265 -2237 -2223 -2196 -2170 -2143 -2119 -2094 -2072 -2051 -2000 -2000 -2008 -1993 -1977 -1962 -1948 -1934 -1927 -1915 -1904 -1894 -1884 -1874
-2128 -2113 -2098 -2081 -2065 -2058 -2043 -2030 -2020 -2011 -2003 -1997 -2000 -2000 -2000 -1993 -1995 -1997 -2000 -2000 -2000 -2011 -2017 -2024 -2032 -2041 -2052 -2066 -2082 -2091 -2112 -2134 -2158 -2181 -2201 -2221 -2244 -2255 -2278 -2302 -2326 -2460 -2369 -2384 -2398 -2402 -2411 -2416 -2418 -2418 -2415 -2410 -2402 -2397 -2382 -2367 -2345 -2322 -2296 -2269 -2242 -2228 -2200 -2174 -2147 -2122 -2097 -2075 -2054 -2000 -2028 -2011 -1995 -1980 -1964 -1949 -1935 -1928 -1916 -1904 -1893 -1883 -1872
-2122 -2106 -2090 -2074 -2058 -2051 -2037 -2024 -2015 -2007 -2001 -1996 -2000 -2000 -2000 -1994 -1996 -1997 -2000 -2000 -2000 -2014 -2021 -2029 -2038 -2048 -2059 -2073 -2089 -2098 -2119 -2139 -2161 -2181 -2201 -2220 -2241 -2252 -2274 -2297 -2320 -2460 -2363 -2379 -2394 -2398 -2407 -2413 -2416 -2417 -2414 -2410 -2402 -2398 -2384 -2369 -2349 -2328 -2303 -2277 -2250 -2237 -2209 -2182 -2154 -2128 -2103 -2081 -2059 -2000 -2000 -2015 -1999 -1982 -1967 -1951 -1936 -1929 -1915 -1902 -1890 -1879 -1868
-2118 -2101 -2084 -2068 -2053 -2045 -2031 -2018 -2010 -2003 -1999 -2000 -2000 -2025 -1995 -1996 -1998 -2000 -2000 -2009 -2015 -2018 -2026 -2035 -2044 -2054 -2066 -2080 -2096 -2104 -2123 -2143 -2162 -2180 -2198 -2216 -2235 -2245 -2266 -2289 -2312 -2334 -2356 -2372 -2389 -2394 -2403 -2410 -2413 -2415 -2413 -2409 -2402 -2398 -2386 -2371 -2353 -2332 -2309 -2283 -2256 -2242 -2214 -2185 -2157 -2131 -2106 -2084 -2063 -2000 -2000 -2018 -2001 -1984 -1968 -1952 -1936 -1929 -1914 -1900 -1887 -1875 -1862
-2114 -2097 -2080 -2063 -2048 -2040 -2027 -2015 -2008 -2001 -1998 -2000 -2025 -1995 -1996 -1997 -2000 -2000 -2000 -2012 -2018 -2022 -2030 -2039 -2049 -2059 -2071 -2084 -2099 -2106 -2123 -2141 -2159 -2176 -2192 -2208 -2227 -2237 -2257 -2280 -2302 -2325 -2347 -2365 -2383 -2389 -2399 -2408 -2412 -2414 -2412 -2410 -2402 -2398 -2387 -2374 -2357 -2336 -2313 -2287 -2260 -2246 -2217 -2188 -2160 -2134 -2109 -2087 -2066 -2055 -2000 -2000 -2002 -1985 -1968 -1951 -1935 -1927 -1911 -1897 -1882 -1870 -1857
-2109 -2093 -2075 -2059 -2043 -2036 -2024 -2012 -2006 -2000 -2000 -2000 -1995 -1995 -1996 -1998 -2000 -2000 -2008 -2014 -2021 -2025 -2034 -2043 -2053 -2063 -2075 -2087 -2101 -2108 -2123 -2140 -2155 -2171 -2186 -2201 -2218 -2228 -2247 -2269 -2292 -2314 -2337 -2357 -2376 -2385 -2396 -2406 -2410 -2414 -2411 -2410 -2402 -2399 -2389 -2375 -2359 -2338 -2315 -2289 -2262 -2248 -2219 -2190 -2162 -2136 -2112 -2089 -2071 -2058 -2000 -2000 -2003 -1985 -1968 -1950 -1933 -1925 -1908 -1892 -1877 -1863 -1848
-2105 -2088 -2071 -2055 -2039 -2032 -2020 -2009 -2004 -2000 -2000 -2000 -1996 -1996 -1997 -1999 -1941 -2000 -2010 -2017 -2024 -2029 -2037 -2046 -2056 -2066 -2078 -2090 -2103 -2109 -2123 -2137 -2152 -2166 -2181 -2195 -2210 -2219 -2237 -2259 -2281 -2304 -2327 -2348 -2367 -2376 -2388 -2400 -2406 -2411 -2410 -2409 -2403 -2399 -2390 -2376 -2360 -2339 -2316 -2290 -2263 -2249 -2220 -2192 -2165 -2138 -2114 -2071 -2071 -2060 -2000 -2000 -2004 -1985 -1967 -1950 -1932 -1923 -1905 -1888 -1871 -1855 -1839
-2101 -2084 -2067 -2050 -2035 -2028 -2017 -2007 -2002 -2000 -2000 -1996 -1996 -1997 -1998 -2000 -1941 -2009 -2014 -2020 -2028 -2032 -2040 -2049 -2059 -2069 -2080 -2091 -2104 -2110 -2122 -2135 -2148 -2162 -2175 -2189 -2203 -2212 -2229 -2249 -2271 -2294 -2317 -2338 -2358 -2367 -2381 -2394 -2401 -2408 -2409 -2408 -2403 -2399 -2390 -2376 -2360 -2338 -2316 -2290 -2264 -2250 -2222 -2194 -2167 -2141 -2117 -2071 -2073 -2063 -2043 -2000 -2005 -1986 -1967 -1948 -1929 -1920 -1901 -1883 -1865 -1847 -1829
-2097 -2080 -2062 -2045 -2031 -2024 -2013 -2000 -2000 -2000 -1996 -1996 -1997 -2000 -2000 -2000 -2000 -2012 -2017 -2024 -2031 -2035 -2044 -2052 -2062 -2072 -2082 -2093 -2104 -2110 -2122 -2134 -2146 -2158 -2171 -2184 -2198 -2206 -2222 -2240 -2261 -2283 -2306 -2328 -2348 -2358 -2374 -2388 -2397 -2404 -2406 -2406 -2402 -2398 -2390 -2374 -2358 -2337 -2315 -2289 -2263 -2250 -2223 -2196 -2170 -2144 -2120 -2097 -2076 -2065 -2045 -2000 -2006 -1986 -1967 -1947 -1926 -1917 -1897 -1877 -1858 -1838 -1819
-2095 -2078 -2060 -2043 -2029 -2022 -2000 -2000 -2000 -2000 -1996 -1996 -1997 -2000 -2000 -2000 -2008 -2013 -2019 -2026 -2033 -2037 -2045 -2054 -2063 -2073 -2083 -2093 -2105 -2110 -2121 -2133 -2145 -2157 -2169 -2182 -2196 -2203 -2219 -2236 -2256 -2278 -2301 -2323 -2343 -2353 -2369 -2384 -2394 -2401 -2404 -2404 -2399 -2396 -2388 -2372 -2356 -2335 -2313 -2288 -2262 -2249 -2223 -2197 -2171 -2146 -2122 -2099 -2078 -2067 -2047 -2000 -2007 -1987 -1966 -1946 -1925 -1915 -1894 -1874 -1854 -1834 -1814
-2092 -2074 -2057 -2039 -2026 -2000 -2000 -2002 -1997 -1996 -1996 -1997 -2000 -2000 -2000 -2007 -2011 -2017 -2023 -2107 -2037 -2041 -2049 -2057 -2066 -2075 -2085 -2095 -2105 -2111 -2121 -2132 -2143 -2154 -2166 -2178 -2191 -2198 -2212 -2228 -2248 -2268 -2290 -2312 -2332 -2342 -2359 -2375 -2387 -2395 -2400 -2399 -2395 -2391 -2382 -2368 -2352 -2332 -2310 -2286 -2262 -2249 -2223 -2198 -2173 -2149 -2126 -2104 -2082 -2072 -2050 -2000 -2008 -1987 -1966 -1944 -1922 -1911 -1889 -1867 -1845 -1823 -1803
-2090 -2072 -2054 -2000 -2000 -2000 -2006 -2001 -1998 -1997 -2000 -2000 -2000 -2003 -2006 -2010 -2015 -2021 -2027 -2034 -2107 -2045 -2053 -2061 -2069 -2078 -2087 -2096 -2106 -2111 -2121 -2131 -2141 -2152 -2163 -2174 -2185 -2192 -2206 -2221 -2240 -2259 -2280 -2301 -2320 -2330 -2347 -2363 -2376 -2384 -2390 -2389 -2387 -2383 -2375 -2362 -2347 -2328 -2306 -2284 -2261 -2249 -2224 -2199 -2176 -2153 -2131 -2109 -2087 -2076 -2054 -2000 -2010 -1988 -1964 -1941 -1917 -1905 -1883 -1859 -1835 -1812 -1790
-2088 -2070 -2052 -2000 -2000 -2000 -2005 -2001 -1998 -1999 -2000 -2000 -2000 -2006 -2010 -2014 -2020 -2026 -2032 -2039 -2046 -2050 -2057 -2123 -2072 -2080 -2089 -2098 -2107 -2111 -2120 -2130 -2140 -2150 -2160 -2171 -2182 -2187 -2200 -2213 -2231 -2248 -2268 -2288 -2307 -2317 -2334 -2350 -2363 -2372 -2378 -2378 -2377 -2373 -2365 -2354 -2339 -2321 -2302 -2281 -2258 -2246 -2223 -2201 -2179 -2158 -2137 -2115 -2093 -2082 -2059 -2000 -2013 -1988 -1963 -1938 -1912 -1900 -1875 -1851 -1826 -1802 -1778
-2088 -2070 -2053 -2000 -2000 -2015 -2004 -2002 -2000 -2000 -2000 -2000 -2008 -2010 -2014 -2019 -2025 -2031 -2037 -2044 -2051 -2054 -2061 -2123 -2076 -2083 -2091 -2099 -2107 -2111 -2120 -2129 -2138 -2097 -2097 -2168 -2178 -2184 -2196 -2207 -2223 -2239 -2257 -2276 -2294 -2303 -2320 -2334 -2348 -2356 -2364 -2364 -2365 -2362 -2355 -2344 -2330 -2314 -2296 -2277 -2255 -2244 -2223 -2203 -2183 -2164 -2143 -2122 -2099 -2088 -2064 -2000 -2015 -1989 -1962 -1935 -1908 -1895 -1868 -1842 -1817 -1792 -1766
-2089 -2072 -2055 -2000 -2024 -2019 -2000 -2000 -2000 -2000 -2007 -2010 -2013 -2015 -2019 -2024 -2030 -2036 -2042 -2048 -2055 -2059 -2065 -2123 -2079 -2086 -2093 -2100 -2108 -2112 -2120 -2128 -2137 -2146 -2156 -2165 -2176 -2181 -2192 -2203 -2217 -2231 -2247 -2264 -2281 -2289 -2305 -2319 -2332 -2340 -2348 -2349 -2350 -2348 -2341 -2333 -2321 -2307 -2290 -2273 -2253 -2243 -2224 -2205 -2187 -2169 -2150 -2128 -2106 -2094 -2070 -2000 -2017 -1990 -1963 -1935 -1906 -1892 -1864 -1836 -1809 -1782 -1755
-2091 -2076 -2060 -2000 -2000 -2000 -2000 -2000 -2000 -2011 -2012 -2015 -2019 -2021 -2025 -2030 -2036 -2041 -2047 -2053 -2060 -2063 -2069 -2076 -2082 -2089 -2095 -2102 -2109 -2112 -2120 -2128 -2136 -2145 -2154 -2163 -2173 -2178 -2188 -2198 -2209 -2222 -2237 -2252 -2267 -2275 -2291 -2303 -2316 -2324 -2332 -2334 -2335 -2334 -2328 -2322 -2311 -2300 -2284 -2268 -2251 -2242 -2225 -2209 -2193 -2176 -2158 -2136 -2113 -2100 -2075 -2000 -2021 -1993 -1964 -1935 -1905 -1890 -1860 -1831 -1802 -1774 -1746
-2093 -2079 -2065 -2051 -2039 -2034 -2025 -2021 -2018 -2018 -2020 -2022 -2026 -2027 -2032 -2036 -2041 -2047 -2052 -2058 -2064 -2067 -2073 -2079 -2085 -2092 -2098 -2117 -2110 -2114 -2120 -2127 -2135 -2143 -2151 -2160 -2169 -2174 -2183 -2192 -2203 -2214 -2227 -2241 -2255 -2263 -2277 -2289 -2300 -2309 -2316 -2319 -2321 -2321 -2316 -2310 -2301 -2291 -2277 -2264 -2249 -2241 -2227 -2213 -2198 -2182 -2165 -2142 -2119 -2106 -2080 -2000 -2024 -1995 -1965 -1935 -1904 -1888 -1857 -1826 -1796 -1767 -1739
-2094 -2080 -2067 -2054 -2043 -2038 -2030 -2025 -2022 -2022 -2024 -2026 -2029 -2031 -2035 -2039 -2044 -2049 -2055 -2060 -2066 -2069 -2075 -2081 -2087 -2093 -2099 -2105 -2111 -2114 -2120 -2127 -2135 -2142 -2151 -2159 -2168 -2190 -2182 -2191 -2201 -2211 -2223 -2236 -2250 -2257 -2270 -2282 -2293 -2301 -2308 -2312 -2314 -2314 -2310 -2305 -2296 -2287 -2274 -2262 -2248 -2242 -2228 -2215 -2201 -2185 -2168 -2145 -2122 -2109 -2082 -2000 -2026 -1996 -1966 -1935 -1904 -1888 -1857 -1825 -1795 -1765 -1737
-2094 -2082 -2071 -2060 -2050 -2047 -2040 -2035 -2032 -2031 -2032 -2033 -2036 -2037 -2041 -2045 -2050 -2054 -2059 -2064 -2069 -2072 -2078 -2084 -2090 -2095 -2101 -2107 -2113 -2116 -2122 -2128 -2135 -2142 -2150 -2157 -2166 -2190 -2179 -2188 -2197 -2205 -2215 -2227 -2239 -2246 -2258 -2269 -2279 -2287 -2294 -2298 -2300 -2301 -2298 -2294 -2286 -2278 -2268 -2258 -2247 -2241 -2230 -2218 -2205 -2189 -2172 -2150 -2128 -2114 -2087 -2000 -2031 -2001 -1971 -1940 -1908 -1892 -1859 -1826 -1794 -1763 -1734
-2092 -2082 -2073 -2065 -2057 -2054 -2048 -2043 -2040 -2039 -2039 -2040 -2042 -2043 -2046 -2050 -2054 -2058 -2063 -2068 -2073 -2075 -2081 -2086 -2092 -2097 -2103 -2109 -2114 -2117 -2123 -2128 -2135 -2141 -2148 -2156 -2164 -2168 -2177 -2185 -2193 -2201 -2210 -2220 -2230 -2235 -2247 -2257 -2266 -2274 -2280 -2285 -2287 -2288 -2286 -2283 -2277 -2270 -2262 -2253 -2244 -2239 -2230 -2218 -2207 -2191 -2175 -2154 -2132 -2120 -2092 -2000 -2000 -2007 -1977 -1946 -1913 -1896 -1862 -1828 -1795 -1765 -1735
-2088 -2080 -2072 -2065 -2059 -2056 -2052 -2048 -2046 -2045 -2046 -2047 -2048 -2049 -2051 -2054 -2058 -2062 -2066 -2070 -2075 -2077 -2082 -2088 -2093 -2098 -2104 -2109 -2123 -2118 -2123 -2129 -2135 -2140 -2147 -2154 -2162 -2166 -2174 -2182 -2190 -2197 -2205 -2213 -2222 -2227 -2237 -2246 -2254 -2262 -2268 -2273 -2275 -2276 -2275 -2272 -2268 -2263 -2256 -2249 -2241 -2237 -2228 -2218 -2207 -2192 -2177 -2157 -2135 -2124 -2098 -2000 -2000 -2016 -1985 -1954 -1919 -1902 -1867 -1832 -1798 -1767 -1737
-2082 -2075 -2069 -2064 -2059 -2057 -2053 -2051 -2050 -2049 -2049 -2050 -2051 -2052 -2055 -2057 -2061 -2064 -2068 -2072 -2077 -2079 -2084 -2089 -2094 -2099 -2105 -2110 -2116 -2118 -2124 -2129 -2134 -2140 -2147 -2153 -2161 -2164 -2172 -2179 -2187 -2194 -2200 -2208 -2215 -2219 -2228 -2236 -2244 -2252 -2258 -2263 -2265 -2266 -2266 -2264 -2261 -2256 -2251 -2244 -2237 -2233 -2226 -2217 -2207 -2193 -2178 -2159 -2138 -2128 -2103 -2000 -2000 -2024 -1993 -1962 -1927 -1909 -1872 -1837 -1802 -1772 -1741
-2073 -2068 -2063 -2059 -2056 -2055 -2053 -2052 -2051 -2051 -2051 -2052 -2054 -2054 -2057 -2059 -2062 -2066 -2069 -2073 -2078 -2080 -2084 -2089 -2094 -2099 -2105 -2110 -2116 -2118 -2124 -2129 -2134 -2140 -2146 -2152 -2159 -2163 -2170 -2177 -2184 -2191 -2198 -2204 -2211 -2214 -2221 -2228 -2235 -2242 -2248 -2253 -2256 -2257 -2258 -2257 -2255 -2250 -2245 -2239 -2233 -2230 -2223 -2214 -2204 -2192 -2178 -2160 -2141 -2131 -2108 -2000 -2000 -2032 -2002 -1970 -1934 -1915 -1879 -1843 -1808 -1778 -1748
