GEBCO/GEBCO_06_Apr_2023_8d40773babca/gebco_2022_n38.584_s35.2661_w128.4741_e131.8689.asc
ncols        815
nrows        796
xllcorner    128.475000000000
yllcorner    35.266666666667
cellsize     0.004166666667
NODATA_value -32767
[rows 666 to 702 of 796, columns 0 to 82 of 815]
19 20 22 25 29 32 37 46 53 65 51 56 51 58 66 76 80 86 111 157 185 208 256 266 305 388 502 527 486 465 408 343 287 232 151 103 148 209 295 364 371 448 465 467 368 404 503 480 417 432 416 317 292 296 236 240 321 370 388 326 228 127 66 64 80 118 131 127 118 121 106 103 102 82 75 70 68 67 58 57 57 61 67
20 23 27 30 33 37 38 41 49 95 83 85 71 62 78 103 120 109 136 215 323 357 434 440 415 442 501 513 486 413 309 228 194 183 180 111 116 197 297 403 475 494 527 492 412 384 446 483 477 448 348 291 305 280 300 349 353 285 285 340 266 141 71 69 89 135 198 208 171 139 127 115 103 90 82 76 82 75 65 59 57 63 64
26 33 37 40 51 60 61 66 62 74 127 121 86 80 117 164 181 122 159 267 372 487 591 618 589 567 514 487 489 411 307 190 161 191 161 136 110 121 196 302 349 330 416 454 431 405 415 434 451 410 355 387 430 418 400 384 328 255 190 207 201 105 76 106 157 201 273 272 200 194 173 145 135 107 98 87 93 83 71 65 60 59 59
36 58 58 71 65 62 94 99 111 68 82 109 112 113 177 255 220 146 144 230 362 512 667 641 574 480 352 282 247 202 164 153 227 351 324 249 153 132 185 235 235 216 257 272 279 325 377 407 490 478 429 456 439 447 387 352 323 310 229 128 89 73 112 205 218 303 315 254 263 282 235 185 180 132 112 100 96 87 74 79 68 62 66
66 140 122 101 93 74 78 116 135 97 75 82 132 182 216 304 303 250 174 192 314 473 652 659 599 445 268 179 158 156 161 211 334 487 436 314 212 150 134 128 151 159 172 206 248 286 283 311 374 464 446 366 313 325 280 212 166 140 112 84 76 83 148 258 323 367 346 332 328 279 220 246 235 162 143 120 103 93 87 88 72 69 77
73 150 161 127 168 160 119 108 135 140 120 109 116 174 219 252 321 357 258 215 315 468 645 666 555 389 218 203 272 252 219 277 450 550 476 446 352 294 210 149 127 141 146 177 253 253 225 254 334 445 398 314 253 213 198 195 129 93 83 85 97 114 196 300 336 398 426 409 381 296 277 318 287 194 161 148 112 102 102 92 79 89 92
107 93 172 184 194 227 211 175 198 225 166 185 202 152 144 184 256 372 398 320 310 429 570 556 420 295 211 291 402 361 302 328 496 650 643 620 502 370 264 191 143 129 134 150 189 189 218 265 324 385 412 407 357 314 233 178 134 98 87 102 127 136 167 231 300 370 353 305 370 390 394 386 265 200 228 176 124 129 131 106 107 112 111
180 94 82 154 263 332 333 245 208 246 258 299 288 205 187 220 247 344 476 466 440 470 518 541 462 280 266 427 571 496 422 406 526 677 732 622 490 401 344 261 172 135 133 139 150 178 198 210 250 313 403 408 373 354 324 280 179 129 95 112 149 139 182 298 340 275 241 303 396 334 305 346 315 241 193 167 158 151 133 127 167 171 124
218 157 78 90 168 282 362 317 273 271 314 361 317 283 246 294 362 414 540 601 536 458 409 372 357 255 323 505 679 669 615 536 646 767 722 664 573 465 380 300 207 146 141 143 154 203 284 258 256 358 463 484 437 339 260 208 168 155 108 93 111 132 213 294 228 209 278 360 367 295 236 322 341 255 232 254 237 211 184 162 147 129 125
168 187 120 80 139 232 310 362 331 303 352 412 410 373 326 306 391 498 533 514 535 420 335 271 279 333 398 498 673 820 795 694 757 778 642 550 472 367 274 217 188 157 150 162 154 178 257 330 263 357 484 534 502 453 369 345 271 177 137 94 105 131 171 183 203 260 299 338 271 224 227 293 355 341 389 395 350 259 205 170 140 137 148
146 184 150 95 122 184 238 276 268 329 408 490 508 442 387 367 414 507 524 435 458 465 316 319 427 478 551 568 667 821 851 831 828 768 632 516 400 309 274 290 246 178 156 192 187 174 210 303 318 309 398 480 505 477 446 358 248 245 204 110 100 145 202 196 252 282 306 276 195 221 314 348 285 290 425 462 424 323 227 174 200 195 174
178 215 209 138 100 145 194 201 250 344 449 533 579 523 467 447 528 581 547 446 395 412 303 393 518 592 641 729 752 816 844 784 728 686 660 551 420 349 351 324 254 191 165 179 217 219 233 291 362 330 366 478 523 460 389 311 276 320 215 140 113 123 114 113 138 149 167 168 185 198 248 277 214 292 335 320 383 313 268 230 245 221 182
219 257 187 130 108 114 132 164 234 325 384 478 550 606 570 534 548 505 424 375 343 355 294 378 474 484 565 713 809 804 785 662 577 541 542 472 369 330 278 240 218 188 173 229 310 349 323 398 445 416 359 413 501 493 379 305 341 324 198 146 174 205 134 124 144 150 155 140 148 162 166 186 190 209 232 313 412 435 389 323 295 232 206
266 262 173 121 106 110 126 175 232 260 338 396 472 554 619 558 477 424 377 311 324 326 341 365 348 406 513 613 735 824 782 666 554 471 417 390 387 363 355 333 287 207 176 249 362 402 384 472 523 458 415 492 542 461 373 407 403 335 252 216 177 160 135 143 214 189 222 188 177 226 200 211 267 294 240 252 330 410 363 285 227 193 187
201 234 192 148 125 126 134 164 238 290 304 351 413 507 626 612 504 432 375 322 417 419 369 489 448 372 418 514 643 726 785 742 650 551 489 496 511 509 513 443 315 231 186 224 295 287 332 452 580 548 508 510 582 499 502 508 392 291 236 206 248 255 171 151 228 245 286 252 195 264 293 255 281 342 274 261 275 359 384 292 241 308 320
143 202 191 164 156 162 171 181 236 319 380 421 453 498 581 631 548 469 408 346 441 461 379 448 550 491 419 444 513 587 690 718 706 625 592 624 629 640 598 460 330 272 234 198 225 307 400 480 562 609 595 565 582 537 563 562 504 427 351 294 343 265 157 201 300 353 329 269 256 260 349 365 321 352 355 357 348 382 391 345 340 416 402
192 301 292 236 207 222 257 270 279 359 466 526 590 636 660 698 620 526 436 371 477 542 489 439 539 598 522 498 546 550 613 678 694 698 702 651 574 583 578 447 349 355 311 234 202 274 397 438 489 485 512 596 527 407 423 443 442 483 474 424 349 227 153 210 264 278 334 367 343 309 354 416 453 405 474 431 336 300 298 296 373 354 382
142 218 301 299 283 327 378 400 395 389 518 630 687 765 753 779 662 541 437 405 500 571 530 476 466 475 539 540 567 539 540 548 592 724 693 543 458 465 548 493 431 456 384 289 213 235 291 377 472 394 457 528 435 325 312 387 353 346 432 443 363 240 161 212 249 243 267 356 435 406 453 500 542 517 549 475 389 325 311 265 255 273 366
138 212 296 370 386 438 525 557 539 484 519 606 716 739 659 652 567 484 487 511 493 445 394 371 341 370 421 497 425 388 379 420 534 670 611 479 400 407 497 549 507 443 391 277 230 277 265 357 423 350 389 427 367 268 251 360 424 328 302 293 249 199 188 220 334 372 354 386 459 517 542 606 641 613 580 501 406 308 285 271 221 302 437
244 341 422 472 528 547 601 653 671 637 624 708 798 720 629 599 570 590 596 588 508 397 322 316 338 298 323 400 341 296 351 476 605 592 504 411 363 339 351 390 396 347 296 258 298 387 323 295 324 357 406 333 263 236 206 265 352 380 280 221 248 306 287 191 226 264 315 404 524 607 640 675 607 515 462 428 356 330 273 220 217 322 402
281 327 439 560 573 499 493 560 628 703 775 862 892 775 703 715 691 678 564 479 443 384 313 270 284 254 288 302 265 298 382 456 541 583 529 498 468 395 321 280 269 265 287 334 400 434 365 348 349 400 397 271 202 171 185 254 336 412 348 266 325 413 340 252 206 268 269 311 401 480 526 612 561 443 360 342 312 268 240 201 192 254 327
222 323 507 607 538 437 408 502 596 683 819 977 963 842 793 801 736 604 474 390 345 317 300 263 225 220 253 224 220 249 294 359 422 540 636 649 613 492 358 324 312 324 405 486 486 429 411 390 306 303 335 313 228 162 209 271 320 377 305 281 303 382 426 332 234 305 371 389 412 468 530 576 543 423 326 268 281 239 242 210 176 212 278
231 376 523 500 441 356 354 415 492 605 769 952 993 894 773 693 611 532 429 360 316 278 249 230 212 208 215 206 247 281 298 362 444 548 591 596 537 416 359 388 401 442 496 502 386 295 302 343 268 197 244 278 251 163 199 238 306 304 240 225 232 296 413 368 253 284 345 381 436 485 438 474 464 393 349 284 238 234 212 189 165 179 234
243 381 426 378 316 298 413 463 492 575 661 770 862 874 754 668 571 497 436 419 386 344 292 242 206 193 186 222 311 388 389 417 463 556 535 472 440 459 478 476 524 541 457 383 315 210 203 247 227 167 199 229 207 148 173 218 272 225 238 187 235 269 344 350 275 278 333 363 415 447 382 374 327 279 249 242 229 212 222 215 179 164 193
229 257 301 267 238 301 445 508 523 580 667 762 816 879 877 772 652 547 520 535 497 436 354 269 206 187 180 227 324 367 377 361 382 489 571 528 519 537 576 583 561 513 421 301 253 239 174 167 210 161 155 184 145 136 159 240 237 168 170 193 210 238 261 338 385 352 310 347 411 478 455 374 319 285 282 231 200 183 183 200 208 166 169
159 144 163 171 208 269 365 402 458 544 658 832 904 920 857 745 713 640 630 604 536 470 364 272 220 191 175 231 290 269 261 287 361 441 491 492 468 395 430 460 384 355 291 264 214 200 204 142 140 143 125 130 117 127 149 227 231 159 190 192 194 229 273 323 364 377 396 437 494 581 559 460 369 295 262 285 301 227 175 164 168 200 255
98 107 133 198 292 324 333 394 473 541 638 805 950 969 908 863 805 722 624 520 440 364 292 241 247 216 171 193 218 211 274 333 409 408 353 387 436 374 304 324 349 280 213 185 215 167 200 172 126 112 108 107 108 131 158 213 211 153 138 173 203 225 245 223 217 237 300 360 443 560 580 472 409 350 342 314 288 245 191 211 224 291 308
101 166 216 276 356 421 421 424 480 596 692 747 809 910 963 882 762 645 548 457 376 298 251 222 205 190 174 162 180 246 335 416 466 445 337 302 390 327 261 222 267 231 195 168 155 151 207 209 142 105 99 103 122 147 167 191 226 157 120 143 165 196 216 159 148 152 195 260 363 409 475 396 305 284 317 303 275 222 234 239 277 321 293
114 156 243 305 345 362 390 460 526 561 627 680 783 896 835 728 698 652 532 436 359 307 266 283 296 280 212 160 192 297 330 405 510 501 384 270 320 343 258 191 202 203 152 147 139 132 167 167 123 97 95 124 167 138 120 175 231 163 114 127 162 220 252 182 127 125 147 192 250 297 376 312 219 236 293 319 253 230 305 317 320 370 263
171 196 243 286 358 416 457 495 612 683 720 786 824 894 820 699 609 555 493 441 416 351 300 300 361 335 220 155 170 248 342 459 474 449 378 272 213 286 286 232 173 177 190 136 112 117 135 138 111 97 92 116 150 123 103 154 228 203 134 107 139 228 268 199 135 112 133 166 174 227 254 226 181 227 224 284 266 291 286 346 389 337 246
180 256 361 442 503 547 591 615 667 793 839 860 810 835 872 798 716 664 612 533 441 353 301 257 276 297 256 156 156 226 311 429 381 380 313 232 180 233 283 281 216 158 184 137 105 108 117 141 124 92 91 96 99 96 89 105 134 148 159 120 120 168 195 208 144 105 118 135 150 198 194 165 161 177 203 279 334 387 373 426 457 366 370
224 277 399 525 636 697 708 768 810 869 891 754 673 735 755 822 753 676 595 496 410 365 304 265 224 221 247 198 142 166 264 339 271 315 265 212 167 193 213 173 176 155 140 128 107 96 97 101 101 86 90 92 82 95 90 88 107 106 142 124 96 111 130 184 163 102 98 108 126 150 183 157 135 164 221 226 245 276 364 500 484 467 480
159 252 385 542 684 697 710 810 813 780 795 709 579 584 640 724 655 555 525 489 413 320 286 280 269 208 225 258 165 143 237 258 221 285 236 182 160 166 209 179 150 124 114 124 123 98 88 86 83 83 92 96 80 96 106 86 93 106 131 154 129 93 91 106 120 90 90 109 151 179 196 213 143 145 160 156 187 260 379 494 543 544 479
126 186 298 427 491 480 556 669 702 614 654 680 541 465 535 617 559 486 409 407 429 336 238 226 262 227 181 191 144 126 166 205 208 224 222 246 227 155 155 191 175 134 109 107 110 95 86 82 80 89 92 82 75 74 74 75 95 104 94 122 159 142 115 95 80 81 96 143 234 280 279 220 140 121 153 188 230 287 388 525 580 591 531
177 193 207 257 302 346 426 520 556 497 526 564 504 389 430 469 424 427 347 319 306 271 247 213 195 189 162 193 166 124 124 154 175 195 166 196 219 150 154 184 140 135 114 99 95 93 91 83 78 81 80 75 73 71 71 71 75 71 85 99 85 102 156 148 93 83 130 199 264 235 242 148 108 124 146 173 219 300 408 546 536 490 507
140 159 232 349 447 444 467 513 498 417 377 361 361 320 361 383 327 321 288 326 307 291 270 235 196 164 147 160 175 130 116 126 148 160 139 174 204 159 126 158 130 155 148 104 90 87 85 80 78 80 75 74 74 73 72 74 75 75 74 71 68 67 98 128 83 82 136 214 252 175 134 103 119 162 191 240 338 437 533 594 522 398 357
123 189 291 439 546 607 638 649 604 478 394 307 276 295 397 448 346 264 293 366 327 279 296 255 209 177 156 138 177 158 115 115 131 132 129 136 137 134 107 119 132 116 124 120 99 94 100 88 83 76 75 81 98 81 77 81 86 88 87 82 75 70 69 92 87 75 134 172 178 132 96 131 180 201 287 317 440 552 519 494 433 350 270
