GEBCO/GEBCO_06_Apr_2023_8d40773babca/gebco_2022_n38.584_s35.2661_w128.4741_e131.8689.asc
ncols        815
nrows        796
xllcorner    128.475000000000
yllcorner    35.266666666667
cellsize     0.004166666667
NODATA_value -32767
[rows 0 to 36 of 796, columns 249 to 331 of 815]
-1510 -1530 -1551 -1572 -1589 -1605 -1613 -1619 -1612 -1599 -1587 -1573 -1558 -1545 -1540 -1530 -1521 -1514 -1508 -1504 -1499 -1494 -1493 -1488 -1481 -1473 -1465 -1454 -1439 -1422 -1414 -1395 -1374 -1352 -1338 -1326 -1311 -1293 -1284 -1264 -1242 -1219 -1195 -1172 -1149 -1127 -1115 -1091 -1067 -1042 -1017 -993 -1000 -1000 -1000 -917 -900 -885 -870 -858 -851 -844 -841 -837 -836 -837 -1000 -1000 -851 -859 -863 -875 -890 -907 -924 -944 -966 -989 -1001 -1025 -1052 -1079 -1108
-1492 -1509 -1528 -1546 -1560 -1575 -1582 -1588 -1582 -1571 -1561 -1550 -1537 -1527 -1523 -1515 -1508 -1503 -1499 -1495 -1492 -1489 -1488 -1484 -1478 -1471 -1464 -1454 -1440 -1425 -1417 -1400 -1380 -1360 -1344 -1329 -1313 -1295 -1285 -1265 -1242 -1218 -1194 -1170 -1147 -1123 -1111 -1086 -1062 -1036 -1010 -1000 -1000 -1000 -927 -906 -889 -872 -856 -844 -837 -830 -826 -822 -821 -823 -824 -1000 -837 -846 -851 -863 -879 -897 -916 -937 -961 -985 -997 -1024 -1052 -1081 -1110
-1448 -1461 -1475 -1487 -1498 -1508 -1513 -1518 -1515 -1509 -1504 -1498 -1491 -1486 -1484 -1481 -1478 -1476 -1476 -1476 -1475 -1475 -1475 -1474 -1470 -1465 -1460 -1452 -1441 -1428 -1421 -1406 -1389 -1371 -1354 -1337 -1318 -1298 -1288 -1267 -1243 -1218 -1193 -1168 -1143 -1117 -1105 -1079 -1052 -1025 -1000 -1000 -947 -922 -910 -888 -868 -851 -834 -820 -811 -803 -800 -795 -794 -795 -797 -1000 -1000 -823 -828 -842 -860 -880 -901 -925 -951 -978 -992 -1021 -1052 -1084 -1116
-1398 -1406 -1414 -1422 -1429 -1436 -1000 -1000 -1000 -1000 -1440 -1439 -1438 -1439 -1440 -1441 -1443 -1446 -1449 -1453 -1455 -1458 -1460 -1276 -1460 -1458 -1455 -1449 -1440 -1430 -1424 -1411 -1396 -1379 -1362 -1344 -1324 -1302 -1292 -1269 -1244 -1219 -1193 -1167 -1140 -1113 -1100 -1072 -1044 -1016 -1000 -1000 -934 -907 -894 -870 -850 -831 -813 -799 -788 -779 -775 -770 -768 -769 -772 -1000 -1000 -801 -807 -823 -842 -864 -887 -912 -941 -971 -986 -1018 -1051 -1086 -1121
-1344 -1347 -1351 -1355 -1358 -1362 -1000 -1000 -1000 -1000 -1375 -1378 -1383 -1388 -1392 -1399 -1405 -1412 -1420 -1428 -1434 -1440 -1443 -1448 -1449 -1449 -1449 -1445 -1438 -1430 -1426 -1415 -1401 -1385 -1369 -1350 -1328 -1306 -1295 -1271 -1246 -1219 -1193 -1166 -1138 -1110 -1096 -1067 -1038 -1008 -1000 -1000 -921 -893 -879 -854 -832 -813 -793 -777 -767 -756 -752 -745 -744 -745 -747 -1000 -1000 -780 -787 -803 -825 -848 -872 -900 -931 -964 -980 -1014 -1051 -1088 -1126
-1286 -1284 -1000 -1000 -1000 -1000 -1000 -1000 -1000 -1000 -1000 -1000 -1000 -1000 -1340 -1352 -1364 -1376 -1388 -1399 -1410 -1419 -1424 -1431 -1436 -1439 -1440 -1439 -1434 -1428 -1424 -1414 -1401 -1386 -1370 -1352 -1330 -1307 -1296 -1271 -1246 -1219 -1192 -1164 -1136 -1107 -1092 -1063 -1032 -1000 -1000 -941 -911 -882 -868 -842 -819 -798 -778 -762 -749 -738 -734 -727 -725 -726 -729 -736 -1000 -762 -980 -788 -810 -835 -861 -891 -924 -959 -976 -1013 -1051 -1091 -1130
-1225 -1000 -1000 -1000 -1202 -1200 -1200 -1203 -1210 -1221 -1233 -1246 -1000 -1000 -1000 -1303 -1321 -1338 -1355 -1288 -1385 -1398 -1405 -1415 -1423 -1428 -1432 -1433 -1429 -1424 -1422 -1413 -1401 -1387 -1372 -1353 -1331 -1307 -1296 -1271 -1245 -1218 -1192 -1164 -1134 -1105 -1090 -1059 -1028 -1000 -1000 -933 -902 -872 -858 -830 -807 -785 -764 -746 -733 -722 -716 -709 -708 -709 -712 -942 -1000 -1000 -753 -772 -796 -822 -850 -881 -917 -954 -973 -1012 -1052 -1093 -1135
-1000 -1000 -1137 -1127 -1120 -1115 -1114 -1116 -1126 -1140 -1157 -1176 -1198 -1220 -1000 -1000 -1000 -1000 -1321 -1341 -1359 -1376 -1385 -1399 -1408 -1416 -1423 -1425 -1423 -1419 -1417 -1411 -1399 -1385 -1371 -1352 -1330 -1306 -1294 -1270 -1244 -1217 -1190 -1162 -1132 -1102 -1087 -1056 -1024 -1000 -958 -926 -895 -864 -849 -820 -796 -773 -751 -733 -719 -707 -701 -693 -691 -937 -695 -702 -1000 -1000 -738 -757 -782 -810 -839 -872 -910 -949 -969 -1241 -1052 -1095 -1139
-1000 -1078 -1060 -1046 -1034 -1026 -1024 -1026 -1039 -1057 -1079 -1104 -1132 -1161 -1175 -1204 -1000 -1000 -1000 -1000 -1000 -1000 -1000 -1000 -1000 -1402 -1410 -1414 -1413 -1411 -1409 -1403 -1392 -1379 -1365 -1347 -1325 -1302 -1290 -1266 -1241 -1214 -1188 -1160 -1130 -1099 -1084 -1052 -1000 -1000 -952 -920 -889 -858 -843 -815 -789 -766 -743 -724 -709 -696 -690 -682 -679 -937 -682 -689 -702 -1000 -1000 -1000 -772 -801 -832 -866 -905 -945 -966 -1241 -1051 -1096 -1141
-1064 -1042 -1021 -1003 -990 -980 -977 -978 -993 -1015 -1039 -1067 -1099 -1131 -1147 -1279 -1210 -1240 -1269 -1000 -1000 -1000 -1000 -1000 -1000 -1000 -1000 -1000 -1000 -1000 -1000 -1000 -1202 -1376 -1362 -1344 -1323 -1300 -1288 -1264 -1239 -1213 -1187 -1159 -1129 -1098 -1082 -1050 -1000 -1000 -950 -917 -886 -855 -840 -812 -786 -762 -739 -719 -704 -690 -685 -676 -673 -673 -675 -682 -695 -1000 -1000 -1000 -766 -796 -828 -863 -902 -943 -963 -1006 -1051 -1096 -1142
-1002 -974 -945 -921 -906 -891 -884 -883 -904 -933 -961 -995 -1036 -1076 -1095 -1132 -1169 -1205 -1238 -1000 -1000 -1000 -1000 -1000 -1000 -1000 -1000 -1000 -1000 -1204 -1000 -1000 -1382 -1369 -1356 -1339 -1317 -1295 -1283 -1260 -1235 -1210 -1184 -1156 -1126 -1094 -1079 -1047 -1000 -1000 -945 -912 -881 -850 -835 -806 -780 -755 -731 -710 -695 -681 -674 -664 -662 -662 -662 -668 -683 -1000 -1000 -1000 -756 -788 -820 -856 -897 -939 -960 -1003 -1049 -1096 -1144
-947 -915 -882 -854 -834 -817 -811 -811 -833 -865 -899 -939 -984 -1263 -1050 -1092 -1134 -1173 -1210 -1244 -1275 -1302 -1315 -1336 -1353 -1367 -1378 -1385 -1387 -1386 -1000 -1000 -1000 -1000 -1346 -1330 -1309 -1287 -1276 -1253 -1229 -1204 -1178 -1151 -1163 -1089 -1074 -1042 -1000 -1000 -941 -909 -877 -847 -832 -804 -778 -752 -728 -708 -692 -925 -671 -662 -658 -657 -658 -664 -676 -692 -1000 -1000 -1000 -785 -818 -855 -895 -937 -959 -1003 -1050 -1097 -1145
-899 -862 -825 -792 -764 -744 -739 -741 -765 -801 -843 -889 -938 -988 -1012 -1059 -1104 -1147 -1187 -1223 -1256 -1286 -1298 -1321 -1339 -1354 -1365 -1372 -1375 -1375 -1373 -1368 -1360 -1000 -1000 -1000 -1300 -1280 -1269 -1247 -1223 -1198 -1176 -1144 -1114 -1084 -1068 -1036 -1000 -1000 -939 -907 -875 -845 -830 -802 -776 -751 -727 -707 -690 -676 -671 -661 -656 -654 -656 -662 -673 -689 -699 -723 -1000 -856 -817 -854 -894 -937 -959 -1004 -1050 -1098 -1147
-1000 -813 -766 -724 -691 -659 -646 -644 -684 -736 -784 -837 -897 -953 -979 -1030 -1080 -1127 -1170 -1209 -1244 -1275 -1288 -1313 -1332 -1347 -1359 -1366 -1368 -1368 -1366 -1361 -1352 -1340 -1000 -1000 -1293 -1274 -1264 -1242 -1218 -1193 -1176 -1139 -1109 -1079 -1063 -1032 -1000 -1000 -936 -904 -873 -842 -827 -798 -772 -747 -722 -702 -686 -672 -665 -655 -651 -648 -648 -654 -667 -684 -693 -717 -746 -856 -1000 -1000 -891 -934 -956 -1002 -1049 -1098 -1148
-1000 -782 -728 -680 -640 -594 -595 -1212 -635 -698 -750 -807 -872 -933 -960 -1013 -1065 -1115 -1160 -1200 -1236 -1269 -1283 -1308 -1327 -1342 -1354 -1361 -1363 -1362 -1360 -1355 -1345 -1000 -1000 -1000 -1286 -1268 -1164 -1237 -1213 -1187 -1162 -1134 -1104 -1074 -1058 -1027 -1000 -965 -933 -902 -871 -840 -825 -796 -770 -744 -719 -698 -682 -668 -661 -900 -646 -643 -642 -648 -662 -679 -689 -711 -742 -775 -1000 -1000 -1000 -1000 -1266 -999 -1048 -1098 -1149
-1000 -1000 -731 -686 -644 -602 -595 -595 -656 -709 -761 -815 -875 -933 -960 -1013 -1064 -1113 -1158 -1198 -1234 -1266 -1209 -1305 -1324 -1338 -1349 -1355 -1356 -1354 -1352 -1000 -1000 -1000 -1312 -1296 -1278 -1259 -1249 -1228 -1204 -1179 -1154 -1126 -1097 -1067 -1000 -1000 -1000 -961 -930 -900 -870 -957 -825 -797 -770 -745 -721 -700 -683 -669 -662 -651 -646 -643 -643 -649 -662 -679 -688 -712 -742 -776 -810 -846 -886 -930 -952 -998 -1047 -1097 -1149
-1000 -1000 -754 -716 -685 -659 -654 -663 -698 -742 -787 -837 -892 -946 -972 -1022 -1072 -1119 -1163 -1203 -1239 -1270 -1285 -1309 -1326 -1339 -1349 -1353 -1353 -1349 -1347 -1000 -1000 -1000 -1304 -1289 -1270 -1251 -1241 -1220 -1196 -1171 -1145 -1119 -1090 -1061 -1000 -1000 -1000 -957 -928 -898 -869 -839 -825 -797 -771 -747 -723 -702 -685 -669 -662 -650 -645 -642 -641 -826 -660 -676 -685 -708 -739 -801 -801 -842 -883 -927 -949 -996 -1045 -1096 -1147
-841 -1000 -1000 -736 -711 -690 -685 -690 -722 -763 -804 -851 -904 -956 -981 -1000 -1000 -1000 -1000 -1000 -1000 -1000 -1000 -1000 -1000 -1000 -1000 -1000 -1000 -1000 -1000 -1000 -1000 -1315 -1301 -1285 -1267 -1247 -1237 -1215 -1192 -1167 -1141 -1115 -1086 -1057 -1000 -1000 -1000 -956 -926 -972 -868 -840 -825 -798 -772 -748 -724 -703 -914 -670 -662 -651 -645 -642 -640 -645 -659 -675 -684 -706 -736 -770 -803 -839 -881 -925 -948 -994 -1044 -1095 -1262
-866 -837 -1000 -1000 -1000 -1000 -1000 -1000 -1000 -1000 -1000 -1000 -1000 -1000 -1000 -1000 -1000 -1000 -1000 -1000 -1256 -1286 -1299 -1322 -1337 -1347 -1353 -1355 -1352 -1346 -1343 -1334 -1146 -1309 -1294 -1278 -1259 -1239 -1228 -1206 -1182 -1157 -1132 -1106 -1078 -1050 -1000 -1000 -980 -952 -924 -896 -868 -841 -827 -800 -776 -752 -729 -708 -690 -674 -666 -654 -648 -645 -643 -648 -660 -675 -684 -705 -795 -764 -797 -835 -877 -922 -945 -992 -1245 -1092 -1144
-896 -874 -852 -834 -1000 -1000 -1000 -1000 -1000 -1000 -1000 -1000 -1000 -1000 -1037 -1080 -1123 -1164 -1204 -1241 -1274 -1303 -1316 -1336 -1349 -1356 -1360 -1360 -1355 -1348 -1343 -1333 -1146 -1305 -1288 -1270 -1251 -1230 -1219 -1197 -1173 -1148 -1122 -1096 -1069 -1000 -1000 -1000 -976 -949 -922 -896 -869 -843 -830 -804 -780 -757 -734 -714 -696 -679 -671 -659 -652 -648 -647 -651 -662 -675 -683 -703 -795 -760 -793 -830 -873 -919 -942 -989 -1245 -1089 -1140
-929 -912 -894 -881 -873 -868 -868 -874 -891 -914 -941 -973 -1011 -1050 -1069 -1109 -1210 -1190 -1229 -1265 -1297 -1326 -1338 -1357 -1366 -1370 -1371 -1368 -1360 -1351 -1346 -1334 -1318 -1301 -1284 -1265 -1244 -1223 -1212 -1189 -1164 -1138 -1113 -1087 -1061 -1000 -1000 -1000 -971 -946 -921 -896 -871 -846 -941 -941 -786 -763 -740 -719 -701 -683 -675 -858 -655 -652 -649 -652 -662 -674 -681 -699 -726 -756 -787 -825 -869 -914 -938 -985 -1035 -1085 -1136
-964 -951 -938 -928 -923 -920 -921 -927 -942 -962 -987 -1016 -1049 -1085 -1103 -1140 -1178 -1217 -1255 -1291 -1324 -1351 -1362 -1378 -1384 -1384 -1381 -1375 -1365 -1353 -1154 -1333 -1316 -1298 -1279 -1259 -1237 -1215 -1203 -1179 -1154 -1129 -1103 -1077 -1052 -1050 -1000 -1000 -966 -942 -919 -897 -874 -852 -840 -817 -795 -772 -749 -727 -709 -691 -683 -670 -662 -657 -655 -657 -665 -676 -824 -701 -725 -754 -786 -822 -865 -911 -934 -982 -1031 -1081 -1132
-1001 -991 -981 -973 -969 -967 -968 -975 -988 -1006 -1029 -1055 -1085 -1118 -1135 -1171 -1207 -1244 -1282 -1320 -1354 -1383 -1393 -1406 -1406 -1400 -1394 -1171 -1370 -1356 -1348 -1332 -1314 -1295 -1275 -1254 -1231 -1207 -1195 -1170 -1145 -1119 -1093 -1068 -1043 -1000 -1000 -1000 -961 -939 -918 -897 -980 -860 -850 -829 -806 -782 -758 -736 -717 -699 -691 -677 -668 -663 -659 -799 -668 -678 -684 -700 -724 -751 -781 -818 -1061 -906 -930 -977 -1027 -1077 -1128
-1037 -1028 -1020 -1014 -1010 -1009 -1010 -1016 -1028 -1045 -1065 -1089 -1117 -1147 -1164 -1197 -1230 -1266 -1303 -1340 -1395 -1395 -1395 -1423 -1418 -1408 -1400 -1389 -1373 -1356 -1348 -1331 -1312 -1291 -1271 -1249 -1225 -1200 -1188 -1162 -1136 -1090 -1084 -1058 -1034 -1000 -1000 -1000 -955 -936 -916 -899 -883 -868 -860 -841 -904 -793 -768 -745 -725 -707 -698 -684 -796 -668 -663 -664 -671 -680 -685 -700 -723 -749 -778 -813 -857 -902 -926 -1210 -1023 -1073 -1123
-1072 -1064 -1057 -1051 -1047 -1047 -1048 -1054 -1064 -1079 -1097 -1119 -1144 -1172 -1187 -1217 -1248 -1280 -1312 -1344 -1372 -1395 -1403 -1413 -1412 -1405 -1396 -1385 -1370 -1354 -1345 -1327 -1308 -1287 -1265 -1242 -1218 -1193 -1181 -1155 -1128 -1090 -1074 -1049 -1025 -1000 -1000 -1000 -950 -933 -916 -902 -889 -877 -870 -853 -904 -806 -780 -756 -736 -717 -708 -694 -796 -677 -672 -673 -678 -687 -692 -706 -727 -751 -778 -812 -855 -900 -924 -1210 -1020 -1071 -1121
-1089 -1081 -1074 -1068 -1064 -1063 -1065 -1070 -1080 -1093 -1111 -1131 -1156 -1182 -1197 -1225 -1255 -1285 -1315 -1344 -1369 -1390 -1398 -1408 -1408 -1402 -1394 -1382 -1368 -1352 -1343 -1325 -1306 -1284 -1262 -1240 -1215 -1190 -1177 -1151 -1124 -1097 -1069 -1043 -1019 -1000 -1000 -1022 -947 -931 -916 -903 -891 -881 -876 -861 -838 -812 -786 -762 -740 -721 -712 -698 -688 -681 -676 -676 -682 -690 -695 -709 -818 -751 -777 -810 -853 -899 -922 -970 -1019 -1070 -1120
-1118 -1109 -1101 -1095 -1090 -1141 -1091 -1097 -1106 -1118 -1134 -1153 -1176 -1200 -1214 -1240 -1266 -1293 -1320 -1344 -1365 -1383 -1194 -1401 -1400 -1395 -1388 -1378 -1363 -1348 -1340 -1322 -1302 -1280 -1258 -1235 -1210 -1185 -1106 -1145 -1117 -1088 -1059 -1032 -1008 -986 -1040 -1000 -939 -924 -912 -901 -893 -945 -885 -875 -852 -823 -795 -769 -747 -728 -719 -704 -694 -687 -682 -682 -689 -697 -845 -713 -732 -754 -776 -808 -853 -900 -923 -970 -1019 -1069 -1118
-1124 -1119 -1113 -1109 -1106 -1107 -1109 -1115 -1125 -1137 -1152 -1170 -1191 -1214 -1226 -1250 -1274 -1298 -1321 -1223 -1360 -1376 -1382 -1390 -1391 -1387 -1381 -1371 -1358 -1343 -1335 -1317 -1298 -1276 -1254 -1139 -1206 -1180 -1167 -1139 -1110 -1079 -1049 -1022 -997 -1000 -1000 -1000 -929 -915 -903 -894 -886 -881 -879 -859 -859 -824 -797 -773 -849 -734 -725 -712 -703 -697 -692 -693 -700 -708 -713 -725 -744 -779 -790 -821 -863 -908 -930 -976 -1024 -1072 -1120
-1111 -1112 -1111 -1110 -1112 -1116 -1119 -1127 -1137 -1151 -1166 -1184 -1203 -1225 -1236 -1258 -1280 -1301 -1322 -1341 -1356 -1205 -1374 -1381 -1382 -1379 -1374 -1365 -1352 -1338 -1330 -1313 -1294 -1149 -1251 -1228 -1203 -1177 -1164 -1135 -1103 -1084 -1038 -1009 -984 -1000 -1000 -1000 -1033 -903 -891 -881 -873 -866 -862 -852 -836 -815 -858 -771 -753 -737 -730 -718 -847 -706 -703 -705 -713 -723 -729 -742 -760 -779 -809 -840 -878 -920 -941 -985 -1192 -1077 -1124
-1096 -1099 -1102 -1106 -1111 -1119 -1123 -1133 -1145 -1159 -1175 -1192 -1211 -1232 -1242 -1263 -1283 -1303 -1322 -1339 -1352 -1205 -1369 -1375 -1376 -1373 -1369 -1361 -1348 -1333 -1326 -1309 -1290 -1149 -1249 -1226 -1200 -1174 -1160 -1130 -1096 -1084 -1025 -995 -1000 -1000 -935 -916 -1033 -889 -877 -867 -859 -850 -845 -834 -820 -803 -858 -768 -753 -739 -733 -723 -847 -715 -713 -717 -727 -738 -745 -759 -778 -800 -824 -854 -892 -932 -952 -994 -1192 -1084 -1129
-1078 -1085 -1092 -1099 -1108 -1118 -1123 -1135 -1149 -1163 -1180 -1197 -1216 -1235 -1245 -1135 -1284 -1302 -1320 -1335 -1348 -1358 -1362 -1368 -1369 -1366 -1362 -1354 -1342 -1328 -1321 -1304 -1286 -1266 -1245 -1221 -1195 -1168 -1154 -1123 -1087 -1048 -1011 -1000 -1000 -930 -920 -902 -888 -876 -864 -854 -844 -835 -830 -819 -807 -793 -779 -766 -754 -743 -738 -731 -727 -726 -727 -732 -742 -754 -761 -776 -795 -817 -841 -871 -906 -944 -964 -1004 -1047 -1091 -1135
-1060 -1070 -1079 -1090 -1101 -1114 -1120 -1134 -1149 -1165 -1182 -1199 -1218 -1237 -1247 -1266 -1284 -1301 -1318 -1332 -1343 -1353 -1357 -1363 -1363 -1361 -1357 -1349 -1337 -1323 -1316 -1300 -1281 -1261 -1241 -1217 -1189 -1161 -1101 -1118 -1078 -1033 -1000 -1000 -933 -913 -904 -887 -874 -863 -851 -840 -832 -822 -817 -806 -796 -786 -775 -764 -755 -747 -844 -737 -736 -737 -739 -745 -755 -768 -774 -789 -809 -831 -855 -884 -918 -955 -1177 -1013 -1055 -1098 -1142
-1044 -1056 -1068 -1080 -1094 -1108 -1116 -1131 -1147 -1164 -1181 -1199 -1217 -1236 -1246 -1264 -1281 -1298 -1314 -1328 -1338 -1348 -1352 -1357 -1357 -1355 -1351 -1343 -1331 -1317 -1310 -1294 -1275 -1255 -1234 -1209 -1179 -1143 -1137 -1106 -1062 -1015 -1000 -1000 -913 -895 -887 -873 -862 -852 -841 -831 -955 -814 -809 -799 -791 -783 -774 -766 -760 -835 -750 -746 -747 -750 -753 -759 -928 -928 -788 -803 -823 -845 -868 -896 -1186 -965 -983 -1022 -1063 -1105 -1148
-1037 -1049 -1062 -1076 -1091 -1106 -1113 -1129 -1146 -1163 -1180 -1198 -1216 -1235 -1244 -1263 -1279 -1296 -1312 -1325 -1335 -1344 -1348 -1353 -1353 -1351 -1347 -1185 -1327 -1314 -1306 -1290 -1271 -1250 -1228 -1202 -1172 -1141 -1127 -1094 -1051 -1004 -1000 -926 -904 -864 -864 -868 -858 -848 -838 -829 -821 -812 -807 -799 -791 -784 -776 -769 -764 -759 -756 -753 -754 -757 -761 -768 -778 -790 -796 -811 -830 -852 -875 -902 -935 -970 -988 -1026 -1067 -1108 -1150
-1023 -1037 -1051 -1067 -1083 -1100 -1108 -1125 -1142 -1160 -1177 -1195 -1213 -1232 -1241 -1258 -1275 -1291 -1306 -1318 -1329 -1337 -1340 -1344 -1345 -1343 -1339 -1331 -1178 -1307 -1299 -1282 -1262 -1239 -1215 -1187 -1156 -1122 -1104 -1066 -1023 -979 -1000 -904 -882 -864 -864 -858 -999 -843 -835 -827 -819 -811 -807 -800 -794 -788 -783 -778 -774 -770 -769 -768 -868 -773 -778 -785 -795 -806 -813 -828 -845 -866 -889 -915 -946 -980 -998 -1035 -1074 -1115 -1155
-1008 -1023 -1039 -1057 -1075 -1094 -1102 -1120 -1138 -1156 -1174 -1192 -1210 -1228 -1237 -1254 -1271 -1287 -1302 -1315 -1324 -1333 -1336 -1340 -1341 -1339 -1335 -1327 -1178 -1303 -1295 -1278 -1256 -1232 -1206 -1176 -1143 -1107 -1087 -1045 -1000 -951 -1000 -1000 -855 -851 -851 -850 -999 -841 -833 -825 -819 -811 -808 -801 -797 -793 -789 -786 -783 -781 -780 -780 -868 -787 -792 -799 -809 -820 -826 -840 -857 -876 -896 -922 -953 -987 -1004 -1041 -1080 -1121 -1161
-992 -1010 -1028 -1048 -1069 -1089 -1098 -1116 -1133 -1151 -1169 -1187 -1205 -1223 -1232 -1250 -1266 -1282 -1298 -1311 -1320 -1329 -1333 -1338 -1338 -1336 -1333 -1326 -1314 -1300 -1293 -1276 -1254 -1229 -1202 -1171 -1137 -1099 -1087 -1035 -989 -937 -1000 -1000 -847 -850 -851 -852 -849 -843 -835 -827 -821 -815 -811 -805 -803 -801 -798 -796 -795 -793 -792 -792 -796 -802 -807 -814 -825 -835 -840 -1045 -869 -886 -904 -928 -959 -993 -1172 -1046 -1086 -1127 -1168
