GEBCO/GEBCO_06_Apr_2023_8d40773babca/gebco_2022_n38.584_s35.2661_w128.4741_e131.8689.asc
ncols        815
nrows        796
xllcorner    128.475000000000
yllcorner    35.266666666667
cellsize     0.004166666667
NODATA_value -32767
[rows 333 to 369 of 796, columns 166 to 248 of 815]
864 827 783 718 677 722 777 721 646 604 544 539 598 612 615 590 614 555 493 451 409 321 315 244 218 213 146 130 129 160 211 218 183 98 57 93 98 77 49 56 91 58 7 -18 -22 -22 -36 -46 -46 -50 -50 -50 -50 -59 -61 -60 -63 -65 -67 -68 -71 -71 -71 -73 -75 -77 -79 -80 -80 -82 -83 -85 -86 -100 -100 -100 -100 -93 -95 -100 -100 -105 -110
828 765 781 754 660 609 736 790 733 694 638 642 714 718 711 690 713 716 660 612 556 494 451 397 393 351 290 269 293 300 330 257 172 110 59 58 75 82 59 60 103 76 -7 -20 -26 -26 -39 -20 -47 -47 -50 -50 -55 -55 -60 -60 -62 -63 -65 -67 -71 -71 -71 -72 -74 -76 -86 -86 -79 -81 -83 -85 -87 -100 -100 -100 -100 -94 -95 -100 -100 -106 -112
736 673 724 717 610 521 641 775 761 679 627 691 700 719 663 627 683 692 668 631 578 514 471 412 375 371 366 364 357 307 260 226 185 131 96 51 33 32 36 68 77 68 28 -17 -26 -26 -35 -35 -47 -48 -50 -50 -55 -50 -60 -62 -62 -64 -66 -68 -69 -71 -75 -75 -74 -75 -77 -79 -79 -81 -83 -85 -87 -99 -99 -99 -100 -117 -117 -100 -100 -106 -114
639 573 656 673 540 461 579 669 656 580 518 599 582 605 594 508 533 536 539 498 465 414 413 387 301 300 314 308 305 295 259 209 181 180 165 129 90 43 21 31 48 60 28 -13 -26 -26 -31 -31 -41 -50 -50 -50 -50 -50 -58 -60 -60 -63 -65 -67 -68 -70 -75 -75 -73 -75 -81 -79 -79 -81 -83 -85 -87 -97 -100 -100 -100 -100 -100 -102 -102 -107 -116
518 490 551 577 508 407 512 553 567 504 429 493 467 488 559 464 392 438 515 440 384 331 307 354 303 248 252 255 266 243 232 182 154 134 131 121 106 78 56 24 19 40 17 -13 -26 -26 -31 -31 -41 -50 -50 -50 -50 -50 -58 -60 -60 -63 -65 -67 -68 -70 -75 -75 -73 -75 -81 -79 -79 -81 -83 -85 -87 -97 -100 -100 -100 -100 -100 -102 -102 -107 -116
403 397 418 424 425 347 393 412 460 451 348 382 358 406 508 470 344 394 514 495 440 331 254 338 342 274 224 209 222 209 217 212 158 119 112 91 116 121 98 62 31 12 7 -8 -18 -18 -23 -16 -20 -46 -50 -50 -50 -57 -57 -60 -64 -64 -64 -66 -68 -70 -70 -72 -73 -75 -81 -81 -79 -81 -83 -85 -87 -97 -100 -100 -100 -100 -100 -104 -125 -125 -125
473 384 319 309 302 266 297 343 394 321 266 288 293 412 463 421 303 315 411 383 357 303 225 289 317 286 275 230 211 179 191 201 169 147 104 65 76 86 67 46 37 27 18 7 -12 -12 -16 -26 -28 -39 -51 -51 -51 -50 -50 -61 -64 -64 -65 -66 -69 -69 -70 -71 -73 -75 -77 -78 -78 -80 -80 -82 -85 -88 -88 -90 -94 -100 -100 -105 -105 -113 -121
518 428 339 333 293 242 246 360 441 350 237 240 312 420 396 323 262 222 267 293 273 266 182 240 262 244 246 224 246 212 154 194 223 208 154 89 48 38 18 9 8 7 7 5 5 1 -9 -20 -30 -39 -50 -50 -46 -57 -57 -60 -60 -60 -62 -64 -64 -65 -65 -67 -74 -69 -70 -72 -72 -73 -87 -87 -81 -85 -100 -100 -94 -100 -100 -107 -107 -114 -122
506 461 472 482 426 337 229 311 405 350 229 221 356 482 488 401 353 279 206 178 162 158 142 177 218 199 223 194 173 174 136 170 215 208 169 121 77 22 21 43 37 26 17 26 37 18 7 -17 -30 -30 -46 -46 -46 -50 -54 -56 -56 -57 -66 -66 -60 -61 -61 -63 -74 -66 -76 -76 -68 -70 -72 -77 -81 -85 -93 -93 -94 -100 -100 -110 -110 -117 -125
609 628 649 578 489 376 264 223 254 263 202 163 232 321 346 290 242 193 201 257 258 197 156 121 192 188 155 175 172 143 126 121 163 163 122 95 69 21 40 85 92 68 45 73 71 60 31 -8 -14 -20 -29 -36 -44 -54 -54 -59 -56 -57 -58 -59 -67 -67 -62 -63 -64 -66 -67 -76 -69 -70 -73 -77 -83 -86 -86 -92 -96 -100 -100 -100 -111 -118 -125
650 629 626 576 470 432 378 286 191 145 121 117 114 123 125 111 117 141 107 173 248 224 209 118 165 222 153 121 125 160 170 100 106 64 30 39 59 29 27 78 124 101 83 90 105 79 39 -3 -14 -18 -29 -36 -44 -54 -54 -59 -56 -57 -58 -59 -67 -67 -62 -63 -64 -66 -67 -76 -69 -70 -73 -77 -83 -86 -86 -92 -96 -100 -100 -100 -111 -118 -125
554 474 427 475 442 353 308 279 230 144 157 191 201 176 148 211 301 272 146 84 101 97 101 98 103 159 125 103 95 110 105 81 59 50 30 45 41 58 59 94 156 164 145 143 125 84 55 22 -16 -20 -26 -26 -44 -50 -50 -59 -50 -57 -61 -59 -60 -62 -62 -64 -68 -68 -67 -69 -69 -70 -66 -66 -82 -87 -77 -77 -98 -98 -98 -100 -100 -120 -129
525 445 358 301 288 233 184 165 163 138 206 281 354 330 280 332 390 291 203 145 90 76 63 66 57 84 111 65 53 49 40 36 33 38 33 71 163 171 166 139 153 165 153 147 144 102 66 46 13 -16 -26 -26 -35 -48 -48 -50 -50 -50 -61 -59 -60 -62 -62 -63 -64 -65 -67 -59 -68 -70 -72 -78 -83 -77 -77 -77 -98 -103 -109 -100 -100 -121 -116
344 286 241 220 200 164 200 248 212 189 321 386 400 495 498 506 434 291 200 163 145 128 107 107 98 59 60 44 42 38 44 60 64 54 45 83 182 234 236 193 164 136 130 87 77 75 90 68 30 8 -21 -21 -35 -43 -50 -54 -50 -50 -58 -59 -64 -64 -61 -63 -64 -65 -67 -59 -68 -69 -72 -78 -85 -90 -90 -95 -99 -83 -83 -100 -100 -121 -116
259 186 185 219 222 238 323 426 358 249 379 469 476 545 607 536 411 303 285 265 259 189 240 235 186 100 85 115 129 77 63 107 170 157 101 117 185 218 206 178 139 105 94 91 91 57 56 68 57 49 -21 -21 -28 -41 -41 -49 -49 -49 -58 -50 -59 -61 -61 -62 -66 -66 -66 -68 -68 -69 -71 -76 -76 -91 -91 -97 -101 -105 -83 -100 -100 -100 -100
185 213 298 336 340 291 378 455 378 298 406 539 596 652 581 489 406 409 388 377 309 291 343 265 176 152 169 164 145 93 71 141 259 271 210 186 176 183 168 118 108 87 125 134 106 61 31 50 63 38 -16 -16 -28 -36 -43 -49 -49 -49 -56 -56 -59 -59 -62 -64 -66 -67 -69 -70 -70 -72 -74 -76 -84 -90 -90 -97 -71 -71 -113 -117 -102 -102 -102
287 367 470 518 495 416 460 477 384 387 504 627 690 694 610 540 480 448 440 394 345 355 299 182 131 167 123 122 106 98 143 253 323 333 278 209 184 156 140 124 142 117 128 98 74 56 64 42 27 13 -16 -16 -28 -36 -43 -49 -49 -49 -56 -56 -59 -59 -62 -64 -66 -67 -69 -70 -70 -72 -74 -76 -84 -90 -90 -97 -71 -71 -113 -117 -102 -102 -102
391 489 563 681 679 620 652 623 522 515 576 606 588 602 588 485 402 351 333 336 268 259 214 134 156 214 235 208 183 163 217 275 260 237 242 210 197 189 150 141 167 150 127 90 70 102 88 60 29 22 12 -15 -19 -38 -38 -47 -50 -50 -56 -56 -50 -62 -62 -64 -63 -66 -68 -57 -57 -57 -74 -79 -84 -82 -82 -82 -103 -109 -115 -119 -119 -100 -100
272 315 432 523 612 677 648 591 598 580 566 598 573 504 534 554 469 363 277 254 213 169 154 158 227 306 307 280 293 251 295 318 330 276 206 182 192 194 192 163 142 162 149 100 96 86 60 34 19 22 17 -5 -20 -26 -38 -45 -50 -50 -53 -53 -50 -50 -60 -62 -63 -65 -66 -67 -57 -57 -75 -79 -84 -90 -82 -82 -102 -108 -114 -122 -71 -71 -71
366 319 296 387 538 605 527 490 502 537 631 700 628 530 453 469 436 377 325 265 203 185 211 214 274 325 268 255 275 333 356 309 274 300 245 180 180 222 193 163 134 109 118 103 84 77 53 37 24 15 5 -5 -9 -30 -30 -43 -47 -47 -47 -50 -51 -51 -59 -60 -62 -58 -58 -66 -66 -68 -75 -73 -73 -91 -91 -97 -102 -109 -77 -123 -123 -100 -71
595 521 358 292 380 441 489 546 572 634 697 769 709 601 510 416 374 352 273 274 286 319 318 251 311 323 246 204 197 242 234 217 178 209 222 162 139 139 128 130 118 103 96 89 72 84 76 56 32 20 2 -8 -14 -14 -30 -38 -35 -50 -47 -48 -49 -50 -58 -60 -52 -58 -65 -66 -66 -68 -73 -73 -87 -94 -94 -100 -104 -111 -77 -123 -97 -97 -97
596 533 368 332 447 453 451 493 595 700 735 769 776 696 603 533 481 388 297 401 475 501 438 337 323 298 308 261 197 187 153 153 173 175 253 212 162 129 98 96 99 77 105 91 66 55 50 42 33 22 11 -6 -12 -16 -25 -32 -41 -41 -41 -50 -47 -48 -52 -52 -52 -62 -65 -71 -71 -71 -74 -80 -88 -94 -88 -88 -88 -111 -119 -103 -97 -97 -97
579 460 339 298 417 511 525 507 502 543 572 640 741 693 564 484 430 355 355 415 511 597 532 465 343 320 288 276 266 312 281 200 143 129 193 241 217 193 129 141 138 78 63 75 57 37 17 14 14 10 7 9 -12 -12 -25 -20 -41 -41 -41 -50 -47 -48 -52 -52 -52 -62 -65 -71 -71 -71 -74 -80 -88 -94 -88 -88 -88 -100 -100 -103 -97 -97 -97
603 480 390 297 295 376 543 643 627 611 649 675 717 671 604 549 460 419 466 527 579 612 548 460 368 362 345 390 380 410 432 310 185 118 127 168 193 208 171 179 153 105 66 37 22 17 21 28 18 17 19 14 -5 -13 -23 -28 -38 -38 -38 -42 -48 -52 -50 -58 -59 -62 -62 -66 -66 -68 -74 -83 -87 -93 -100 -100 -100 -100 -100 -103 -126 -134 -142
561 462 366 380 337 332 420 547 645 717 747 780 785 748 662 543 476 543 612 609 537 505 471 425 335 293 281 291 283 321 397 318 190 131 106 91 99 122 152 123 105 83 49 25 34 51 68 71 52 48 52 32 15 6 -17 -24 -34 -34 -38 -41 -46 -52 -50 -50 -50 -60 -63 -65 -65 -67 -73 -83 -86 -100 -100 -100 -103 -103 -121 -127 -127 -135 -142
409 412 509 499 371 401 402 534 585 626 720 766 757 755 681 642 584 619 732 646 512 415 365 320 275 246 201 197 193 206 261 294 248 209 164 116 92 73 70 57 45 38 34 51 72 85 106 103 85 69 79 64 30 18 6 -12 -31 -31 -28 -30 -42 -42 -43 -43 -43 -58 -61 -63 -73 -73 -73 -78 -85 -99 -99 -99 -100 -100 -119 -127 -120 -120 -120
530 584 652 536 411 515 445 450 564 635 726 680 687 771 792 738 691 738 713 636 553 418 332 278 250 220 179 161 152 143 137 161 173 168 145 112 100 74 95 85 88 101 68 74 95 128 126 107 89 69 80 73 56 42 27 11 -15 -15 -14 -31 -31 -36 -43 -43 -43 -50 -50 -65 -65 -69 -72 -77 -85 -100 -100 -100 -100 -117 -119 -127 -127 -135 -143
708 762 703 523 474 628 585 470 473 558 610 598 637 740 828 824 817 759 670 592 524 433 337 288 264 237 216 192 184 185 162 123 105 109 92 83 76 110 143 123 141 131 105 124 115 140 129 132 104 66 58 62 51 30 22 12 8 -3 -10 -16 -19 -33 -24 -34 -39 -50 -50 -54 -63 -67 -71 -93 -93 -100 -100 -100 -104 -117 -119 -127 -127 -134 -143
840 827 655 516 540 678 685 560 473 544 629 717 717 759 861 905 806 681 592 514 431 354 360 396 331 260 223 187 159 138 144 170 207 196 165 155 98 137 175 180 182 163 149 143 126 135 105 113 108 77 47 37 33 24 15 7 8 9 3 -16 -19 -33 -10 -34 -39 -50 -50 -54 -63 -67 -71 -93 -93 -100 -100 -100 -104 -117 -119 -127 -127 -134 -143
963 828 659 532 599 730 721 639 556 500 561 686 788 845 872 833 755 657 562 467 380 416 505 501 402 344 295 250 217 185 205 229 233 207 175 141 111 148 182 182 165 161 166 163 166 151 113 92 70 62 56 50 53 29 15 18 29 23 19 21 5 -16 -27 -27 -34 -46 -54 -54 -59 -65 -69 -72 -100 -100 -113 -113 -104 -111 -117 -123 -123 -132 -131
990 802 694 590 622 768 824 727 618 580 541 586 670 760 788 841 723 601 497 419 483 579 562 470 385 326 283 291 246 195 213 203 204 238 247 164 137 177 190 158 141 152 150 151 166 157 150 141 101 97 93 82 60 33 27 28 46 43 36 27 19 14 -15 -15 -24 -41 -50 -50 -57 -64 -77 -71 -100 -100 -113 -113 -113 -110 -115 -123 -123 -131 -140
973 871 765 678 658 772 846 756 701 691 635 585 607 689 745 816 757 640 512 510 581 516 422 352 301 261 247 231 206 176 174 181 187 243 261 223 188 177 197 174 135 132 146 135 135 141 162 154 137 130 115 101 69 51 58 57 65 57 46 36 29 24 15 -3 -22 -40 -37 -62 -77 -77 -77 -72 -100 -100 -116 -116 -116 -109 -114 -122 -131 -131 -139
892 912 872 807 727 787 884 842 775 753 703 624 627 747 804 804 696 601 576 516 442 377 324 298 280 353 361 324 269 194 142 152 184 219 213 218 193 169 159 158 134 116 116 114 113 133 150 138 122 118 105 97 86 76 78 81 75 61 47 45 30 17 19 -1 -12 -43 -43 -62 -50 -66 -70 -92 -100 -100 -89 -97 -103 -109 -115 -122 -122 -129 -138
828 896 954 896 826 833 887 841 764 664 639 644 633 695 775 813 740 660 558 484 419 450 430 339 339 450 428 307 235 190 154 124 139 171 176 192 180 174 147 132 126 122 104 97 106 121 129 126 113 102 98 89 80 71 67 71 58 40 33 25 10 5 1 -4 -7 -29 -39 -49 -50 -65 -68 -92 -100 -106 -90 -96 -102 -125 -116 -122 -122 -128 -137
810 856 925 998 951 899 888 810 725 674 739 770 691 666 728 803 736 612 590 587 544 517 439 398 449 485 397 302 236 185 147 144 168 127 131 151 154 177 168 167 134 108 103 96 90 111 137 139 118 98 83 79 73 64 65 61 46 30 30 21 5 -2 -5 -4 -7 -29 -39 -49 -50 -65 -68 -92 -100 -106 -90 -96 -102 -125 -116 -122 -122 -128 -137
847 926 975 1025 1042 985 917 823 749 741 775 814 769 774 756 776 747 683 650 612 620 658 587 559 596 550 452 362 289 213 193 211 202 153 131 110 120 147 166 173 148 125 105 91 86 101 117 143 141 126 116 97 72 61 72 63 45 21 18 8 -5 -9 -17 -17 -17 -29 -49 -59 -59 -59 -67 -77 -100 -106 -93 -97 -102 -125 -114 -121 -121 -129 -139
892 930 1016 1082 1080 984 906 859 815 806 859 895 842 817 831 814 821 781 741 700 692 731 687 653 588 465 387 312 245 189 186 181 177 164 172 154 97 106 131 156 145 135 125 105 83 97 110 119 124 120 109 85 65 61 71 55 34 23 16 5 -9 -8 -24 -24 -27 -33 -53 -50 -50 -65 -83 -83 -87 -110 -95 -101 -103 -108 -115 -122 -122 -129 -139
