GEBCO/GEBCO_06_Apr_2023_e00f6af24f04/gebco_2022_n36.0_s33.0_w127.0_e130.0.asc
ncols        720
nrows        720
xllcorner    127.000000000000
yllcorner    33.000000000000
cellsize     0.004166666667
NODATA_value -32767
[rows 546 to 587 of 720, columns 0 to 92 of 720]
-119 -113 -112 -115 -112 -111 -110 -108 -107 -106 -108 -108 -108 -108 -108 -108 -108 -104 -104 -104 -104 -104 -104 -102 -100 -100 -104 -100 -106 -106 -103 -105 -105 -104 -104 -104 -105 -103 -105 -103 -96 -96 -96 -100 -100 -95 -96 -94 -94 -102 -94 -94 -102 -94 -94 -94 -94 -94 -94 -94 -94 -94 -98 -93 -93 -97 -94 -94 -95 -95 -95 -95 -95 -96 -96 -95 -95 -94 -94 -94 -94 -94 -94 -94 -95 -93 -93 -93 -94 -89 -89 -89 -93
-120 -118 -117 -116 -110 -115 -113 -111 -112 -106 -106 -104 -108 -104 -106 -108 -106 -104 -104 -104 -102 -104 -104 -102 -102 -104 -105 -100 -103 -103 -106 -107 -104 -104 -104 -104 -105 -97 -105 -102 -96 -96 -96 -96 -96 -96 -96 -95 -95 -96 -94 -94 -94 -94 -94 -94 -94 -95 -95 -94 -94 -94 -94 -94 -94 -94 -94 -94 -98 -95 -95 -95 -95 -95 -95 -95 -95 -94 -94 -94 -94 -94 -94 -94 -92 -91 -90 -90 -89 -89 -94 -95 -90
-120 -118 -112 -112 -110 -115 -113 -111 -112 -106 -106 -104 -108 -104 -107 -108 -106 -104 -104 -104 -103 -104 -104 -102 -102 -104 -105 -100 -103 -103 -106 -107 -104 -104 -104 -104 -105 -97 -105 -102 -96 -96 -96 -96 -96 -96 -96 -95 -95 -97 -94 -94 -94 -94 -94 -94 -95 -95 -95 -94 -94 -94 -94 -94 -94 -94 -94 -94 -98 -95 -95 -95 -95 -95 -95 -95 -95 -95 -95 -95 -95 -95 -95 -95 -92 -91 -90 -90 -89 -89 -95 -95 -90
-120 -121 -112 -112 -112 -115 -112 -111 -114 -108 -108 -109 -109 -109 -106 -110 -106 -106 -106 -102 -102 -104 -104 -104 -105 -102 -100 -100 -106 -106 -105 -104 -105 -99 -104 -105 -104 -105 -103 -97 -97 -99 -99 -99 -99 -98 -98 -95 -95 -95 -95 -95 -95 -95 -94 -94 -95 -95 -94 -94 -94 -94 -94 -94 -94 -94 -94 -94 -94 -94 -94 -94 -95 -95 -95 -95 -95 -95 -95 -100 -95 -95 -95 -92 -91 -91 -89 -89 -95 -95 -95 -96 -96
-113 -123 -124 -123 -113 -121 -113 -111 -116 -113 -112 -109 -109 -109 -109 -110 -108 -108 -108 -106 -106 -104 -104 -105 -102 -102 -107 -100 -105 -105 -104 -100 -103 -106 -106 -104 -104 -103 -97 -97 -99 -104 -99 -98 -98 -99 -104 -99 -95 -95 -102 -95 -95 -95 -95 -94 -95 -95 -95 -95 -94 -94 -100 -94 -94 -94 -94 -94 -100 -94 -94 -94 -94 -94 -97 -95 -95 -96 -96 -96 -96 -96 -96 -92 -91 -90 -96 -96 -96 -96 -91 -91 -96
-120 -123 -115 -123 -114 -120 -120 -115 -114 -114 -113 -114 -109 -109 -109 -111 -108 -108 -108 -106 -106 -106 -106 -105 -109 -110 -109 -108 -106 -106 -102 -107 -107 -106 -104 -105 -104 -105 -98 -104 -100 -100 -102 -100 -100 -100 -99 -99 -98 -98 -98 -97 -95 -102 -102 -95 -95 -94 -95 -102 -95 -94 -94 -94 -99 -94 -94 -94 -94 -94 -94 -94 -94 -94 -94 -98 -95 -96 -96 -93 -93 -93 -93 -92 -91 -96 -97 -97 -94 -91 -91 -91 -95
-123 -122 -122 -124 -122 -120 -119 -118 -118 -116 -114 -114 -114 -111 -111 -112 -109 -108 -108 -106 -107 -111 -108 -105 -110 -112 -109 -108 -108 -108 -108 -107 -107 -104 -105 -105 -105 -104 -106 -105 -100 -101 -98 -100 -100 -100 -99 -99 -98 -98 -98 -97 -96 -96 -96 -96 -96 -96 -95 -95 -95 -95 -95 -95 -95 -95 -95 -94 -99 -94 -94 -94 -94 -94 -94 -95 -95 -96 -94 -93 -93 -93 -93 -93 -97 -97 -92 -92 -92 -91 -91 -98 -98
-121 -120 -125 -122 -127 -125 -124 -123 -121 -119 -121 -120 -118 -113 -113 -114 -109 -113 -110 -110 -108 -108 -114 -111 -112 -106 -104 -108 -109 -109 -107 -108 -106 -102 -106 -106 -105 -102 -106 -100 -100 -100 -101 -101 -100 -100 -99 -99 -98 -98 -98 -97 -97 -104 -96 -96 -96 -96 -96 -95 -95 -95 -95 -95 -95 -95 -95 -95 -94 -94 -94 -94 -94 -94 -94 -95 -94 -94 -93 -93 -92 -92 -98 -98 -98 -92 -92 -92 -92 -92 -98 -98 -97
-120 -120 -123 -123 -122 -124 -124 -125 -126 -119 -121 -119 -119 -118 -118 -115 -115 -112 -109 -109 -109 -112 -114 -114 -114 -107 -112 -112 -109 -109 -109 -106 -106 -107 -107 -105 -105 -105 -106 -100 -100 -98 -102 -101 -101 -100 -100 -99 -99 -104 -98 -98 -97 -96 -96 -96 -106 -96 -96 -96 -95 -95 -95 -104 -95 -95 -96 -95 -95 -100 -94 -94 -94 -94 -94 -95 -94 -94 -93 -93 -92 -92 -98 -98 -97 -92 -92 -92 -96 -92 -98 -98 -98
-122 -120 -127 -126 -123 -124 -123 -119 -128 -127 -122 -125 -119 -122 -122 -120 -122 -119 -115 -113 -122 -117 -117 -115 -118 -117 -114 -114 -112 -112 -112 -114 -110 -110 -109 -100 -105 -106 -105 -102 -102 -100 -100 -100 -100 -101 -105 -100 -101 -99 -98 -98 -106 -97 -97 -94 -98 -96 -96 -97 -96 -96 -95 -94 -95 -95 -94 -96 -95 -95 -95 -95 -92 -92 -94 -94 -94 -93 -93 -102 -97 -97 -94 -97 -95 -93 -93 -93 -100 -98 -98 -90 -98
-122 -120 -127 -126 -123 -124 -123 -121 -128 -127 -122 -125 -121 -121 -121 -120 -122 -119 -115 -113 -122 -117 -117 -115 -118 -117 -114 -114 -112 -112 -112 -114 -110 -110 -109 -102 -105 -106 -105 -103 -102 -102 -100 -100 -100 -100 -105 -101 -100 -100 -100 -99 -106 -100 -100 -94 -98 -96 -97 -96 -96 -96 -97 -94 -97 -95 -94 -96 -96 -95 -95 -95 -92 -92 -95 -95 -93 -93 -93 -102 -96 -96 -94 -95 -95 -94 -98 -98 -100 -98 -98 -90 -99
-123 -123 -123 -123 -120 -123 -123 -125 -125 -125 -124 -124 -121 -121 -121 -121 -120 -122 -117 -115 -112 -114 -115 -118 -118 -118 -117 -115 -114 -114 -114 -112 -117 -110 -103 -108 -108 -107 -107 -106 -100 -102 -102 -102 -101 -100 -100 -100 -100 -100 -100 -100 -100 -100 -100 -100 -108 -100 -96 -96 -96 -96 -96 -96 -107 -96 -97 -97 -102 -96 -96 -96 -96 -95 -95 -95 -93 -93 -96 -96 -96 -96 -94 -95 -97 -98 -98 -98 -98 -98 -98 -99 -99
-123 -123 -123 -126 -123 -123 -124 -123 -126 -124 -125 -125 -123 -125 -125 -125 -125 -128 -120 -119 -122 -113 -115 -115 -117 -119 -118 -117 -118 -118 -114 -118 -114 -106 -112 -110 -108 -109 -104 -104 -103 -103 -102 -102 -102 -101 -101 -101 -100 -106 -100 -100 -99 -104 -98 -98 -97 -100 -100 -97 -98 -96 -96 -96 -103 -97 -98 -97 -97 -97 -97 -96 -102 -102 -94 -94 -96 -96 -96 -96 -95 -95 -95 -95 -98 -100 -98 -98 -99 -99 -99 -99 -99
-122 -122 -122 -126 -117 -123 -123 -123 -126 -120 -120 -121 -125 -126 -126 -127 -122 -123 -128 -128 -128 -118 -118 -117 -117 -118 -118 -118 -118 -118 -124 -118 -114 -108 -112 -112 -112 -109 -104 -102 -103 -103 -103 -102 -102 -105 -101 -101 -100 -100 -100 -99 -99 -99 -99 -99 -99 -98 -100 -100 -98 -107 -97 -97 -97 -97 -98 -98 -98 -98 -103 -96 -95 -95 -96 -96 -97 -97 -95 -95 -95 -102 -95 -97 -98 -98 -99 -99 -99 -100 -99 -99 -99
-119 -119 -119 -124 -120 -120 -120 -122 -125 -120 -120 -123 -124 -124 -124 -127 -125 -128 -128 -123 -120 -128 -119 -120 -117 -114 -114 -114 -118 -118 -119 -111 -120 -119 -117 -114 -112 -109 -109 -103 -104 -104 -103 -103 -102 -105 -101 -108 -100 -100 -100 -100 -100 -105 -99 -99 -99 -99 -100 -100 -99 -99 -97 -97 -97 -97 -98 -98 -102 -98 -97 -96 -95 -95 -97 -102 -97 -97 -95 -102 -95 -95 -95 -99 -98 -100 -99 -99 -99 -99 -99 -99 -100
-121 -120 -116 -124 -120 -123 -124 -125 -125 -124 -124 -125 -126 -126 -126 -127 -127 -127 -130 -123 -129 -124 -129 -122 -120 -118 -117 -115 -119 -119 -112 -120 -122 -114 -119 -117 -112 -112 -105 -105 -104 -104 -104 -109 -109 -102 -102 -101 -101 -101 -109 -100 -100 -100 -100 -100 -100 -100 -100 -100 -102 -100 -100 -100 -97 -97 -98 -98 -96 -96 -96 -96 -95 -98 -98 -98 -96 -96 -95 -95 -97 -97 -97 -98 -99 -99 -99 -99 -99 -99 -100 -99 -100
-118 -119 -120 -121 -115 -122 -121 -125 -125 -124 -123 -123 -124 -121 -121 -128 -122 -124 -124 -124 -130 -124 -129 -128 -124 -118 -118 -112 -110 -109 -117 -119 -124 -114 -122 -119 -114 -114 -112 -105 -105 -105 -104 -108 -108 -103 -102 -102 -102 -102 -102 -101 -101 -105 -101 -101 -107 -101 -101 -100 -100 -101 -99 -99 -98 -98 -97 -96 -96 -96 -103 -98 -102 -102 -96 -96 -96 -96 -95 -97 -97 -97 -97 -98 -98 -99 -99 -99 -99 -99 -99 -100 -100
-118 -118 -117 -117 -117 -118 -119 -121 -124 -123 -124 -123 -124 -124 -124 -124 -124 -124 -124 -123 -124 -128 -124 -125 -130 -122 -127 -122 -119 -119 -117 -118 -114 -112 -119 -120 -124 -117 -119 -106 -106 -106 -105 -105 -104 -103 -103 -103 -103 -103 -103 -102 -102 -102 -101 -101 -101 -101 -101 -101 -100 -109 -100 -100 -98 -98 -103 -97 -97 -97 -99 -99 -97 -97 -96 -96 -98 -98 -98 -97 -97 -97 -97 -97 -98 -98 -100 -100 -99 -100 -100 -100 -100
-117 -117 -117 -117 -116 -117 -117 -118 -124 -118 -117 -122 -122 -124 -124 -122 -125 -122 -122 -122 -124 -124 -125 -125 -130 -124 -128 -124 -124 -124 -119 -115 -118 -110 -118 -122 -124 -124 -122 -108 -107 -112 -106 -106 -105 -105 -104 -114 -104 -104 -104 -104 -103 -103 -102 -102 -108 -102 -102 -101 -100 -100 -100 -100 -98 -98 -97 -97 -97 -97 -100 -99 -98 -97 -98 -98 -98 -98 -98 -97 -97 -97 -97 -98 -98 -98 -99 -99 -99 -100 -100 -100 -100
-117 -117 -117 -117 -116 -117 -117 -118 -124 -118 -117 -122 -122 -124 -124 -122 -125 -125 -124 -124 -124 -124 -125 -125 -130 -124 -128 -124 -124 -124 -119 -115 -118 -110 -118 -122 -124 -124 -122 -108 -108 -112 -107 -106 -106 -105 -105 -114 -105 -105 -105 -104 -104 -103 -103 -103 -108 -103 -101 -101 -101 -102 -100 -100 -99 -99 -100 -97 -97 -97 -97 -98 -98 -98 -98 -98 -98 -98 -97 -97 -97 -97 -97 -98 -98 -98 -99 -99 -99 -100 -100 -100 -100
-120 -120 -122 -122 -116 -116 -118 -119 -122 -116 -122 -122 -122 -124 -124 -125 -124 -124 -124 -120 -124 -124 -125 -124 -127 -124 -128 -128 -128 -128 -122 -118 -118 -118 -118 -113 -124 -124 -118 -110 -109 -109 -108 -108 -107 -107 -108 -106 -106 -106 -106 -106 -105 -105 -104 -104 -104 -103 -101 -101 -101 -103 -100 -102 -99 -99 -100 -97 -97 -97 -103 -98 -98 -98 -98 -98 -98 -98 -97 -97 -97 -97 -97 -98 -98 -99 -99 -99 -100 -99 -99 -99 -99
-122 -122 -124 -121 -119 -115 -115 -115 -121 -122 -120 -122 -122 -122 -122 -127 -124 -124 -124 -127 -122 -128 -124 -125 -128 -125 -128 -124 -128 -128 -122 -124 -122 -118 -122 -119 -122 -122 -112 -111 -110 -110 -109 -109 -108 -108 -108 -107 -107 -107 -107 -107 -106 -106 -105 -105 -102 -102 -102 -102 -100 -100 -100 -100 -100 -100 -103 -100 -98 -98 -98 -98 -97 -98 -98 -98 -98 -98 -98 -98 -98 -102 -98 -98 -99 -99 -100 -100 -100 -100 -100 -100 -99
-123 -123 -127 -121 -120 -115 -115 -115 -118 -116 -118 -119 -122 -120 -120 -125 -122 -122 -124 -124 -124 -122 -122 -125 -122 -122 -127 -128 -128 -128 -127 -124 -124 -122 -119 -114 -120 -119 -120 -112 -112 -124 -111 -110 -110 -109 -109 -118 -109 -109 -108 -108 -108 -107 -104 -104 -102 -102 -102 -100 -100 -110 -100 -100 -101 -100 -100 -100 -98 -98 -98 -98 -97 -97 -99 -103 -99 -99 -99 -99 -99 -99 -97 -99 -99 -95 -100 -100 -100 -100 -95 -100 -99
-128 -124 -128 -124 -124 -115 -115 -115 -118 -117 -117 -115 -119 -122 -122 -124 -122 -122 -124 -124 -124 -122 -122 -122 -122 -122 -128 -128 -128 -128 -128 -128 -118 -117 -122 -122 -117 -118 -112 -114 -113 -117 -112 -114 -114 -111 -110 -112 -110 -107 -110 -109 -109 -105 -105 -104 -106 -106 -102 -102 -103 -103 -101 -101 -103 -102 -101 -101 -99 -100 -115 -100 -97 -97 -97 -97 -97 -99 -97 -99 -99 -99 -99 -100 -100 -102 -100 -100 -100 -100 -100 -100 -100
-131 -128 -130 -126 -127 -125 -122 -122 -118 -117 -115 -117 -117 -115 -115 -117 -122 -124 -125 -124 -124 -124 -124 -124 -122 -122 -125 -125 -128 -128 -128 -128 -128 -120 -120 -112 -114 -120 -116 -115 -115 -114 -114 -113 -112 -112 -111 -111 -111 -111 -108 -108 -107 -106 -106 -108 -114 -104 -103 -103 -104 -103 -102 -102 -102 -103 -102 -98 -101 -101 -101 -101 -101 -100 -97 -97 -97 -100 -100 -100 -100 -100 -100 -100 -100 -100 -100 -101 -101 -101 -101 -101 -100
-130 -130 -132 -128 -127 -126 -127 -125 -121 -118 -118 -117 -111 -111 -117 -117 -117 -122 -124 -125 -127 -127 -124 -124 -124 -124 -125 -125 -128 -128 -128 -127 -128 -122 -120 -119 -119 -124 -118 -117 -116 -116 -115 -114 -114 -113 -113 -113 -113 -110 -109 -124 -107 -106 -110 -106 -104 -104 -104 -105 -104 -103 -103 -103 -103 -103 -98 -102 -102 -102 -101 -101 -101 -101 -100 -100 -97 -100 -100 -100 -102 -100 -100 -100 -100 -100 -102 -102 -101 -101 -102 -102 -101
-129 -131 -133 -132 -125 -129 -129 -129 -129 -128 -124 -119 -111 -111 -117 -117 -117 -117 -117 -118 -124 -125 -124 -125 -128 -122 -122 -124 -124 -124 -125 -127 -127 -127 -121 -121 -121 -120 -119 -119 -118 -117 -117 -116 -115 -115 -114 -114 -114 -110 -109 -109 -107 -106 -111 -106 -115 -104 -104 -105 -104 -103 -103 -103 -103 -103 -97 -102 -102 -102 -101 -101 -101 -101 -100 -100 -97 -99 -100 -100 -100 -100 -100 -100 -100 -103 -101 -101 -102 -102 -102 -102 -101
-130 -131 -132 -133 -134 -124 -124 -124 -128 -129 -130 -128 -119 -119 -119 -118 -117 -117 -117 -118 -114 -124 -125 -124 -124 -124 -125 -125 -127 -127 -125 -125 -127 -127 -122 -122 -121 -121 -120 -120 -119 -118 -117 -117 -116 -115 -115 -118 -118 -117 -110 -110 -113 -108 -107 -106 -109 -109 -107 -106 -105 -105 -104 -104 -104 -98 -97 -103 -103 -103 -110 -97 -102 -101 -109 -100 -98 -99 -99 -99 -103 -100 -100 -100 -100 -96 -102 -102 -102 -102 -102 -102 -101
-130 -131 -132 -133 -134 -127 -132 -129 -128 -129 -130 -128 -119 -119 -119 -118 -117 -116 -116 -116 -114 -124 -125 -124 -124 -124 -125 -125 -127 -127 -125 -125 -127 -127 -123 -123 -125 -125 -125 -121 -120 -120 -119 -118 -118 -117 -117 -118 -119 -116 -116 -115 -115 -112 -112 -111 -110 -109 -108 -106 -106 -106 -105 -105 -98 -97 -97 -104 -104 -104 -110 -96 -103 -102 -109 -101 -100 -100 -99 -98 -103 -98 -98 -98 -97 -96 -102 -102 -96 -96 -102 -100 -100
-126 -130 -130 -132 -133 -134 -133 -132 -130 -129 -128 -124 -127 -125 -125 -120 -118 -116 -116 -116 -117 -122 -127 -127 -125 -125 -125 -122 -125 -125 -127 -128 -127 -127 -124 -124 -125 -125 -125 -122 -122 -121 -120 -120 -114 -114 -116 -118 -118 -118 -118 -118 -117 -115 -113 -112 -111 -110 -108 -107 -106 -106 -114 -99 -98 -97 -104 -104 -104 -104 -96 -96 -103 -103 -102 -102 -101 -101 -99 -98 -98 -98 -98 -98 -97 -100 -96 -96 -96 -96 -96 -100 -100
-131 -131 -132 -131 -132 -133 -134 -134 -134 -130 -130 -128 -128 -128 -125 -122 -120 -118 -115 -117 -117 -118 -124 -128 -125 -125 -125 -124 -124 -124 -122 -125 -127 -127 -127 -125 -125 -125 -125 -124 -123 -123 -115 -113 -113 -113 -115 -119 -119 -116 -117 -117 -118 -116 -115 -113 -111 -111 -110 -109 -108 -103 -101 -100 -98 -105 -104 -104 -96 -95 -95 -95 -95 -104 -103 -103 -103 -102 -101 -96 -98 -98 -98 -98 -98 -105 -97 -97 -100 -95 -95 -103 -102
-130 -132 -134 -134 -133 -133 -134 -134 -132 -132 -132 -130 -129 -127 -127 -125 -129 -122 -118 -115 -115 -115 -122 -128 -125 -128 -127 -128 -125 -125 -125 -124 -125 -127 -129 -127 -129 -125 -125 -124 -123 -122 -115 -114 -121 -121 -120 -120 -112 -116 -116 -116 -118 -117 -116 -124 -120 -113 -111 -110 -106 -104 -103 -101 -105 -105 -105 -97 -96 -96 -112 -96 -96 -96 -95 -95 -103 -103 -103 -103 -96 -96 -97 -97 -98 -97 -97 -97 -96 -102 -102 -102 -100
-131 -132 -129 -132 -133 -133 -133 -133 -134 -133 -132 -134 -132 -129 -129 -128 -124 -119 -119 -119 -114 -117 -115 -118 -120 -124 -130 -129 -129 -129 -127 -125 -125 -125 -128 -128 -125 -129 -125 -124 -123 -120 -115 -114 -121 -121 -121 -124 -112 -116 -116 -116 -120 -118 -117 -116 -113 -113 -111 -110 -115 -106 -104 -102 -94 -105 -105 -98 -109 -97 -97 -97 -97 -97 -112 -96 -103 -103 -93 -103 -108 -96 -96 -96 -97 -97 -104 -104 -96 -96 -96 -98 -98
-126 -127 -132 -132 -133 -134 -133 -133 -134 -133 -133 -129 -128 -132 -132 -129 -130 -125 -124 -124 -117 -114 -117 -117 -120 -124 -120 -130 -130 -130 -129 -128 -127 -125 -127 -128 -128 -128 -124 -124 -123 -120 -116 -122 -122 -122 -121 -112 -112 -121 -121 -120 -120 -120 -118 -117 -116 -116 -112 -111 -109 -107 -107 -107 -106 -105 -101 -100 -100 -99 -99 -98 -109 -109 -97 -97 -104 -100 -103 -103 -103 -108 -96 -96 -96 -95 -95 -100 -100 -95 -95 -95 -95
-132 -131 -130 -133 -133 -133 -130 -135 -134 -133 -134 -134 -128 -132 -132 -130 -132 -130 -128 -124 -120 -120 -114 -114 -117 -115 -122 -129 -130 -130 -130 -124 -127 -127 -127 -127 -128 -129 -129 -123 -123 -123 -122 -122 -122 -122 -113 -112 -122 -122 -121 -121 -121 -118 -119 -119 -118 -118 -114 -112 -111 -109 -107 -107 -106 -103 -102 -102 -101 -101 -112 -100 -100 -99 -99 -98 -104 -104 -100 -96 -102 -102 -102 -100 -99 -106 -103 -103 -93 -97 -96 -88 -96
-133 -128 -130 -128 -128 -130 -130 -134 -134 -135 -134 -134 -132 -132 -132 -132 -133 -130 -130 -130 -128 -125 -120 -118 -117 -114 -117 -118 -128 -128 -129 -129 -129 -129 -127 -127 -125 -125 -127 -123 -133 -122 -122 -122 -118 -118 -115 -122 -122 -122 -122 -121 -117 -118 -119 -119 -117 -116 -118 -115 -113 -111 -107 -106 -105 -104 -103 -103 -103 -102 -102 -102 -101 -101 -112 -100 -104 -104 -104 -104 -97 -109 -96 -96 -95 -108 -98 -98 -97 -97 -97 -92 -92
-134 -134 -130 -134 -128 -127 -128 -135 -134 -135 -134 -134 -132 -132 -132 -134 -130 -130 -132 -133 -132 -128 -122 -118 -118 -114 -117 -119 -124 -124 -127 -130 -129 -129 -128 -127 -127 -127 -124 -123 -123 -122 -122 -121 -119 -119 -117 -122 -122 -122 -115 -115 -116 -124 -119 -119 -119 -119 -119 -116 -115 -118 -109 -108 -107 -118 -106 -106 -108 -108 -106 -105 -104 -104 -104 -104 -104 -104 -104 -103 -103 -103 -98 -97 -96 -100 -100 -100 -94 -94 -94 -93 -93
-134 -134 -130 -134 -128 -127 -128 -135 -134 -135 -137 -134 -132 -132 -132 -134 -132 -133 -132 -133 -132 -128 -124 -124 -118 -114 -117 -119 -124 -124 -127 -130 -129 -129 -128 -127 -127 -127 -123 -123 -122 -122 -124 -124 -122 -122 -122 -122 -122 -122 -117 -117 -116 -124 -119 -120 -119 -119 -120 -114 -113 -118 -110 -109 -109 -118 -109 -109 -109 -110 -109 -108 -107 -107 -107 -107 -107 -107 -100 -103 -100 -103 -103 -100 -100 -100 -100 -96 -96 -96 -96 -95 -95
-137 -137 -132 -135 -132 -122 -122 -122 -130 -133 -135 -135 -134 -134 -134 -135 -133 -132 -133 -130 -130 -137 -129 -122 -119 -119 -117 -118 -118 -118 -127 -122 -130 -129 -128 -125 -127 -123 -123 -123 -122 -122 -124 -124 -122 -122 -122 -122 -122 -122 -117 -117 -116 -117 -119 -127 -129 -119 -120 -122 -114 -119 -111 -114 -110 -112 -109 -110 -107 -111 -111 -107 -109 -109 -107 -109 -108 -107 -100 -103 -100 -100 -103 -100 -108 -100 -100 -99 -99 -104 -99 -98 -98
-137 -129 -138 -135 -134 -122 -122 -122 -128 -134 -133 -132 -135 -134 -134 -136 -133 -134 -134 -134 -130 -128 -129 -129 -127 -120 -120 -118 -118 -118 -122 -124 -127 -130 -129 -127 -122 -123 -123 -123 -124 -124 -124 -132 -132 -125 -122 -122 -124 -117 -119 -124 -118 -119 -122 -118 -122 -118 -117 -116 -115 -114 -125 -112 -112 -112 -112 -112 -112 -112 -112 -111 -110 -110 -114 -109 -109 -112 -107 -100 -103 -106 -103 -106 -100 -108 -101 -101 -102 -104 -104 -104 -100
-127 -127 -137 -135 -137 -134 -127 -124 -125 -128 -132 -133 -134 -134 -134 -134 -133 -134 -133 -134 -133 -133 -129 -130 -128 -124 -124 -122 -124 -124 -120 -124 -127 -129 -129 -127 -123 -123 -123 -123 -130 -124 -127 -124 -124 -124 -124 -120 -118 -117 -118 -118 -119 -120 -121 -122 -119 -118 -118 -117 -116 -115 -114 -113 -113 -113 -112 -112 -112 -113 -112 -112 -112 -112 -114 -110 -110 -109 -112 -107 -105 -100 -103 -103 -103 -103 -104 -104 -105 -105 -105 -99 -102
-127 -127 -132 -135 -135 -134 -134 -128 -124 -132 -133 -129 -133 -134 -134 -134 -133 -134 -134 -134 -134 -129 -133 -132 -130 -124 -125 -124 -124 -124 -122 -122 -127 -128 -128 -128 -123 -123 -123 -120 -121 -123 -125 -122 -124 -124 -123 -121 -118 -117 -116 -116 -124 -120 -122 -123 -123 -123 -124 -124 -124 -115 -115 -125 -114 -113 -118 -113 -113 -113 -113 -112 -112 -111 -111 -111 -110 -110 -109 -108 -107 -110 -103 -104 -110 -104 -104 -104 -106 -106 -100 -99 -100
