GEBCO/GEBCO_06_Apr_2023_e00f6af24f04/gebco_2022_n36.0_s33.0_w127.0_e130.0.asc
ncols        720
nrows        720
xllcorner    127.000000000000
yllcorner    33.000000000000
cellsize     0.004166666667
NODATA_value -32767
[rows 630 to 671 of 720, columns 465 to 557 of 720]
-120 -120 -119 -119 -119 -118 -115 -113 -112 -112 -115 -116 -115 -114 -111 -110 -110 -111 -110 -109 -108 -109 -109 -110 -110 -108 -109 -109 -109 -109 -109 -109 -108 -108 -106 -105 -105 -105 -106 -106 -106 -105 -105 -106 -106 -106 -105 -104 -102 -101 -100 -100 -100 -100 -98 -96 -95 -95 -93 -92 -92 -91 -92 -92 -93 -95 -95 -93 -92 -92 -91 -91 -91 -92 -104 -93 -92 -91 -92 -91 -89 -89 -87 -85 -85 -84 -83 -83 -83 -90 -90 -89 -80
-120 -120 -119 -119 -118 -117 -116 -113 -113 -112 -112 -115 -115 -114 -110 -110 -110 -110 -110 -109 -109 -111 -121 -110 -110 -110 -109 -109 -109 -111 -109 -108 -107 -107 -106 -105 -105 -108 -106 -106 -108 -107 -108 -109 -108 -108 -106 -105 -103 -101 -100 -100 -100 -100 -98 -95 -93 -93 -92 -91 -91 -91 -92 -92 -93 -93 -92 -95 -91 -91 -90 -91 -94 -94 -96 -96 -94 -93 -93 -92 -90 -89 -87 -85 -83 -83 -84 -84 -83 -82 -81 -81 -80
-120 -120 -119 -119 -118 -117 -116 -116 -115 -114 -112 -112 -111 -114 -114 -110 -109 -109 -109 -109 -108 -111 -111 -111 -110 -111 -110 -110 -109 -108 -111 -107 -106 -106 -105 -105 -104 -104 -105 -105 -109 -106 -109 -112 -110 -110 -108 -106 -103 -101 -100 -100 -100 -99 -96 -93 -91 -91 -90 -90 -90 -89 -89 -89 -89 -89 -89 -89 -89 -89 -88 -91 -94 -92 -96 -86 -86 -95 -88 -91 -88 -88 -85 -81 -81 -83 -84 -84 -83 -82 -82 -81 -80
-121 -120 -119 -119 -117 -117 -117 -116 -116 -115 -114 -112 -111 -112 -112 -110 -109 -109 -109 -109 -111 -111 -111 -112 -111 -111 -109 -109 -108 -107 -106 -106 -106 -106 -106 -105 -103 -103 -103 -103 -104 -105 -106 -107 -107 -107 -107 -105 -102 -100 -100 -100 -100 -97 -94 -92 -90 -90 -89 -88 -88 -88 -87 -87 -86 -86 -86 -85 -83 -96 -87 -88 -94 -97 -98 -91 -91 -97 -96 -94 -88 -88 -81 -78 -79 -82 -84 -84 -84 -79 -79 -82 -80
-119 -119 -118 -118 -117 -117 -116 -116 -116 -116 -115 -112 -111 -109 -109 -109 -109 -110 -111 -111 -111 -111 -111 -111 -110 -109 -107 -107 -106 -106 -105 -104 -105 -105 -105 -104 -102 -101 -102 -102 -102 -102 -102 -102 -103 -103 -103 -106 -101 -100 -100 -100 -98 -95 -92 -90 -88 -88 -86 -86 -87 -87 -87 -87 -85 -83 -83 -83 -84 -94 -85 -87 -93 -99 -100 -104 -104 -100 -90 -96 -90 -90 -82 -95 -80 -83 -85 -85 -85 -85 -84 -81 -79
-119 -119 -118 -118 -117 -117 -116 -116 -116 -116 -115 -115 -116 -113 -112 -110 -109 -112 -115 -111 -111 -111 -111 -111 -110 -109 -107 -107 -113 -106 -105 -104 -105 -105 -105 -104 -102 -101 -102 -102 -102 -102 -102 -102 -103 -103 -103 -102 -101 -100 -100 -100 -92 -95 -91 -90 -88 -88 -86 -86 -87 -87 -87 -87 -85 -83 -83 -83 -84 -84 -85 -87 -93 -93 -100 -93 -93 -75 -99 -96 -90 -90 -82 -78 -80 -83 -85 -85 -85 -85 -84 -81 -79
-119 -118 -118 -118 -118 -117 -117 -116 -116 -116 -116 -116 -116 -113 -113 -113 -113 -116 -113 -113 -113 -113 -111 -111 -110 -108 -106 -106 -105 -104 -103 -103 -103 -103 -103 -101 -101 -100 -100 -100 -101 -101 -101 -101 -101 -101 -101 -100 -100 -100 -97 -97 -95 -92 -90 -88 -85 -85 -83 -83 -83 -84 -83 -83 -81 -80 -80 -80 -82 -82 -84 -89 -94 -77 -100 -100 -100 -101 -90 -99 -94 -94 -87 -84 -84 -83 -83 -83 -83 -82 -81 -80 -78
-118 -118 -118 -118 -118 -117 -117 -116 -116 -116 -116 -116 -115 -115 -117 -119 -119 -114 -114 -112 -111 -111 -111 -110 -109 -107 -106 -106 -104 -103 -102 -102 -102 -102 -101 -101 -101 -101 -100 -100 -100 -99 -98 -97 -96 -96 -96 -95 -95 -94 -91 -91 -89 -87 -85 -83 -81 -81 -80 -80 -79 -79 -79 -79 -77 -75 -74 -76 -78 -78 -81 -86 -92 -77 -96 -96 -98 -101 -90 -99 -96 -96 -92 -90 -87 -86 -83 -83 -82 -81 -79 -79 -86
-119 -119 -118 -118 -118 -117 -117 -117 -116 -116 -116 -116 -115 -115 -114 -114 -114 -113 -114 -112 -112 -112 -110 -108 -107 -106 -105 -105 -103 -101 -112 -101 -102 -102 -100 -100 -99 -98 -97 -97 -97 -94 -91 -88 -88 -88 -87 -86 -84 -85 -83 -83 -83 -82 -79 -77 -76 -76 -75 -92 -73 -74 -74 -94 -72 -69 -67 -70 -73 -73 -77 -84 -90 -91 -92 -92 -96 -99 -100 -100 -98 -98 -93 -96 -96 -85 -82 -82 -81 -79 -78 -78 -86
-119 -119 -119 -119 -119 -118 -118 -117 -117 -116 -117 -116 -116 -115 -115 -115 -114 -113 -112 -112 -110 -110 -108 -107 -105 -104 -103 -103 -101 -100 -100 -100 -100 -100 -99 -97 -93 -91 -89 -89 -88 -85 -81 -80 -79 -79 -80 -77 -75 -74 -75 -75 -76 -76 -74 -71 -70 -70 -70 -68 -67 -66 -67 -67 -65 -65 -64 -74 -70 -70 -75 -79 -83 -87 -89 -89 -94 -111 -100 -100 -99 -107 -93 -89 -86 -84 -82 -82 -90 -79 -79 -79 -85
-119 -118 -118 -118 -118 -118 -117 -117 -116 -116 -116 -115 -115 -114 -113 -113 -113 -113 -112 -110 -108 -108 -106 -104 -102 -100 -100 -100 -100 -100 -98 -97 -95 -95 -112 -93 -89 -84 -81 -81 -78 -75 -71 -69 -70 -70 -70 -66 -65 -67 -68 -68 -68 -67 -67 -67 -66 -66 -65 -63 -60 -59 -57 -57 -58 -60 -61 -64 -67 -66 -69 -72 -76 -80 -87 -87 -94 -97 -75 -95 -100 -100 -86 -84 -84 -83 -82 -82 -80 -79 -78 -84 -85
-119 -118 -118 -118 -118 -118 -117 -117 -116 -116 -116 -115 -115 -114 -113 -113 -113 -113 -112 -110 -108 -108 -106 -104 -102 -100 -100 -100 -100 -100 -98 -97 -95 -95 -95 -93 -89 -84 -81 -81 -78 -75 -71 -69 -70 -70 -70 -66 -65 -67 -68 -68 -68 -67 -67 -67 -66 -66 -65 -63 -60 -59 -57 -57 -58 -60 -61 -64 -67 -67 -69 -72 -76 -80 -87 -87 -94 -97 -100 -99 -100 -100 -86 -84 -84 -83 -82 -82 -80 -79 -78 -84 -83
-118 -118 -118 -118 -117 -117 -116 -116 -115 -115 -115 -114 -114 -114 -113 -113 -112 -112 -111 -109 -107 -107 -105 -102 -100 -100 -99 -99 -99 -98 -98 -97 -95 -95 -93 -89 -84 -109 -73 -73 -69 -65 -60 -57 -58 -58 -57 -55 -55 -59 -65 -65 -63 -60 -59 -60 -60 -60 -59 -56 -54 -50 -48 -48 -50 -54 -57 -59 -61 -61 -64 -66 -68 -73 -83 -92 -92 -97 -100 -90 -97 -97 -87 -86 -83 -82 -77 -77 -79 -78 -78 -83 -82
-118 -117 -117 -117 -117 -117 -116 -116 -115 -115 -115 -115 -113 -112 -112 -112 -111 -111 -110 -108 -108 -108 -106 -103 -100 -99 -98 -98 -99 -100 -98 -95 -93 -93 -90 -85 -80 -74 -67 -67 -60 -56 -54 -44 -44 -44 -42 -43 -44 -46 -53 -53 -54 -51 -50 -50 -52 -52 -53 -50 -47 -47 -45 -45 -48 -51 -52 -52 -55 -55 -59 -61 -61 -84 -71 -71 -88 -99 -94 -100 -95 -102 -92 -89 -87 -84 -81 -81 -89 -77 -82 -82 -80
-117 -116 -116 -116 -116 -116 -115 -115 -114 -114 -113 -113 -112 -110 -109 -109 -110 -109 -107 -107 -106 -106 -102 -100 -98 -100 -100 -100 -100 -100 -100 -97 -93 -93 -89 -83 -76 -68 -61 -61 -53 -45 -36 -26 -25 -25 -28 -34 -30 -29 -33 -33 -39 -40 -39 -37 -42 -42 -55 -42 -41 -41 -43 -43 -45 -47 -46 -44 -47 -47 -54 -58 -60 -60 -72 -72 -88 -100 -100 -104 -94 -94 -89 -85 -84 -83 -88 -81 -79 -76 -82 -82 -80
-117 -116 -116 -116 -115 -115 -114 -114 -113 -113 -112 -111 -110 -109 -108 -108 -108 -105 -101 -98 -97 -97 -99 -98 -98 -100 -99 -99 -99 -99 -97 -94 -91 -91 -86 -78 -70 -61 -52 -52 -45 -38 -22 -21 -53 -57 -17 -22 -23 -20 -23 -23 -30 -33 -26 -26 -23 -23 -24 -29 -34 -37 -41 -41 -44 -45 -44 -42 -45 -45 -52 -59 -64 -68 -92 -73 -87 -98 -100 -96 -87 -87 -83 -85 -86 -83 -77 -79 -77 -83 -82 -73 -80
-116 -115 -115 -115 -115 -114 -113 -112 -111 -111 -110 -109 -108 -107 -104 -104 -103 -98 -88 -84 -88 -88 -95 -96 -99 -99 -97 -97 -94 -92 -89 -86 -84 -84 -81 -74 -60 -52 -45 -45 -38 -30 -25 -21 -20 7 -10 -17 -22 -20 -21 -21 -22 -20 -23 -25 -20 -20 -20 -23 -31 -36 -40 -40 -45 -48 -47 -46 -48 -48 -53 -59 -63 -68 -92 -73 -82 -94 -94 -96 -77 -77 -78 -82 -85 -80 -77 -84 -85 -84 -72 -79 -79
-116 -115 -115 -115 -115 -114 -113 -112 -111 -111 -110 -109 -108 -107 -104 -104 -103 -98 -88 -84 -88 -88 -95 -96 -99 -99 -97 -97 -94 -92 -89 -86 -84 -84 -81 -74 -60 -52 -45 -45 -38 -30 -25 -21 -20 12 11 8 -22 -20 -21 -21 -22 -20 -21 -21 -20 -20 -20 -23 -31 -36 -40 -40 -45 -48 -47 -46 -48 -48 -53 -59 -63 -68 -73 -73 -82 -94 -94 -88 -104 -77 -78 -82 -85 -80 -75 -85 -85 -74 -72 -79 -78
-115 -114 -113 -113 -113 -112 -112 -109 -109 -109 -107 -106 -104 -102 -101 -101 -97 -91 -87 -85 -88 -88 -97 -98 -95 -94 -87 -87 -79 -78 -81 -79 -76 -76 -74 -66 -46 -43 -41 -41 -29 -27 -28 -22 -20 20 19 15 10 -20 -20 -20 -21 -21 -20 -20 -20 -20 -24 -27 -32 -37 -42 -42 -48 -51 -48 -47 -48 -48 -52 -57 -63 -66 -71 -95 -95 -69 -67 -59 -63 -63 -71 -75 -78 -94 -83 -84 -84 -72 -79 -79 -70
-114 -113 -112 -112 -112 -111 -109 -109 -109 -109 -108 -104 -101 -98 -94 -94 -92 -89 -89 -87 -97 -97 -96 -96 -90 -84 -73 -73 -61 -63 -68 -67 -66 -66 -60 -46 -34 -31 -37 -37 -25 -20 -20 -20 -9 33 29 32 19 -17 -20 -20 -22 -31 -20 -20 -24 -24 -38 -39 -36 -38 -43 -43 -48 -49 -45 -40 -43 -43 -48 -58 -63 -67 -70 -70 -72 -63 -55 -93 -55 -55 -66 -71 -74 -77 -84 -84 -71 -70 -79 -78 -71
-111 -112 -110 -110 -110 -108 -106 -106 -106 -106 -105 -102 -97 -93 -90 -90 -87 -87 -90 -96 -99 -99 -94 -92 -87 -81 -62 -62 -45 -46 -51 -54 -56 -56 -51 -27 -20 -20 -20 -20 -15 -14 -5 19 26 45 37 39 26 -11 -17 -17 -19 -21 -20 -23 -26 -26 -31 -35 -38 -39 -42 -42 -43 -40 -29 -23 -29 -29 -44 -54 -63 -68 -74 -74 -81 -76 -62 -83 -89 -58 -64 -67 -67 -69 -83 -83 -68 -68 -79 -78 -69
-110 -107 -106 -106 -106 -105 -103 -102 -102 -102 -101 -97 -88 -89 -89 -89 -90 -90 -91 -93 -93 -93 -90 -86 -84 -82 -60 -60 -34 -29 -41 -48 -37 -37 -20 -34 12 25 26 32 45 36 44 44 36 50 47 47 27 -12 -15 -15 -11 -20 -21 -26 -29 -29 -32 -36 -39 -42 -42 -42 -40 -33 -17 -17 -20 -20 -40 -53 -64 -70 -75 -75 -85 -89 -69 -62 -73 -95 -65 -66 -67 -83 -83 -67 -67 -67 -79 -67 -67
-106 -104 -104 -104 -104 -104 -102 -100 -98 -98 -92 -84 -80 -87 -90 -90 -90 -90 -90 -91 -89 -89 -86 -82 -79 -72 -53 -53 -35 -29 -26 -32 -23 -23 4 23 50 82 71 54 67 68 68 48 35 52 56 57 31 -14 -10 -10 -5 -17 -20 -23 -30 -30 -35 -38 -40 -43 -46 -46 -45 -39 -26 -16 -27 -27 -41 -54 -63 -70 -75 -75 -79 -76 -69 -67 -91 -66 -67 -69 -73 -83 -82 -81 -67 -67 -79 -65 -64
-106 -104 -104 -104 -104 -104 -102 -100 -98 -98 -92 -84 -80 -87 -90 -90 -90 -90 -90 -91 -89 -89 -86 -82 -79 -72 -53 -53 -35 -29 -26 -26 -22 -14 26 55 99 119 101 93 112 138 111 69 43 53 64 58 29 9 -10 -10 -5 -17 -20 -23 -30 -30 -35 -38 -40 -43 -46 -46 -45 -39 -26 -16 -27 -27 -41 -54 -63 -70 -75 -75 -79 -76 -69 -67 -91 -86 -67 -69 -68 -82 -68 -68 -67 -67 -65 -65 -64
-103 -102 -101 -101 -101 -101 -98 -93 -92 -92 -89 -89 -88 -88 -89 -89 -89 -89 -89 -89 -85 -85 -83 -80 -67 -57 -56 -56 -40 -30 -25 3 -17 17 31 49 72 85 85 109 165 184 108 90 79 70 61 49 23 14 10 7 -7 -10 -15 -20 -30 -30 -36 -39 -41 -46 -52 -52 -59 -55 -43 -39 -43 -43 -51 -58 -64 -69 -72 -72 -73 -71 -68 -67 -68 -67 -95 -75 -83 -82 -71 -71 -69 -77 -65 -63 -61
-106 -106 -102 -102 -100 -100 -98 -94 -92 -92 -88 -88 -89 -88 -87 -87 -86 -88 -87 -86 -83 -83 -79 -75 -71 -67 -59 -59 -46 -31 -25 -16 13 16 11 19 44 65 60 81 111 146 118 69 46 40 31 33 24 12 10 7 6 -5 -12 -22 -31 -31 -36 -39 -41 -49 -58 -58 -70 -63 -56 -53 -55 -55 -60 -63 -66 -68 -68 -68 -68 -68 -69 -69 -69 -67 -95 -75 -83 -82 -71 -71 -69 -76 -63 -61 -59
-101 -101 -100 -100 -100 -99 -95 -91 -91 -91 -90 -88 -88 -86 -85 -85 -86 -87 -85 -83 -78 -78 -78 -78 -72 -63 -53 -53 -39 -26 -23 -11 2 22 4 8 21 31 39 56 76 83 85 67 30 16 13 24 20 10 -15 -13 -17 -15 -18 -27 -33 -33 -38 -41 -41 -46 -52 -52 -59 -58 -58 -60 -65 -65 -67 -68 -68 -67 -67 -67 -67 -68 -85 -86 -80 -70 -68 -69 -82 -69 -68 -68 -77 -76 -62 -61 -58
-99 -100 -96 -96 -93 -91 -89 -89 -89 -89 -89 -88 -88 -86 -84 -84 -84 -84 -84 -82 -81 -81 -80 -75 -71 -59 -35 -35 -33 -26 7 -12 13 -4 4 10 11 17 33 50 55 46 42 79 62 21 5 5 -10 -17 -20 -20 -27 -29 -32 -37 -38 -38 -45 -41 -39 -40 -42 -42 -48 -51 -54 -62 -72 -72 -75 -72 -69 -67 -67 -67 -68 -70 -72 -74 -70 -80 -68 -67 -81 -83 -81 -86 -63 -61 -61 -63 -62
-91 -95 -91 -91 -88 -89 -90 -90 -89 -89 -88 -87 -87 -84 -80 -80 -81 -81 -80 -79 -79 -79 -75 -69 -68 -56 -27 -27 -29 15 -24 -18 -15 -16 -21 -9 -2 7 21 38 35 20 20 55 70 39 21 -13 -12 -18 -25 -25 -36 -38 -35 -36 -33 -33 -36 -34 -32 -35 -38 -38 -40 -41 -46 -58 -70 -70 -75 -72 -68 -67 -67 -67 -69 -72 -73 -73 -73 -73 -68 -69 -82 -66 -64 -64 -75 -59 -58 -57 -52
-91 -95 -91 -91 -88 -89 -90 -90 -89 -89 -88 -87 -87 -84 -80 -80 -81 -81 -80 -79 -79 -79 -75 -69 -68 -56 -27 -27 -30 16 18 20 15 -21 -21 -12 -15 -7 14 21 20 17 18 37 40 22 14 -5 -7 -13 -25 -25 -36 -38 -35 -36 -33 -33 -36 -34 -32 -35 -38 -38 -40 -41 -46 -58 -70 -70 -75 -72 -68 -67 -67 -67 -69 -72 -73 -84 -73 -73 -79 -69 -68 -66 -64 -75 -75 -59 -58 -57 -52
-70 -84 -88 -88 -81 -81 -86 -87 -84 -84 -84 -84 -83 -79 -77 -77 -78 -76 -76 -75 -77 -77 -76 -72 -68 -60 -39 -39 -35 -32 16 17 16 -23 -21 -21 -20 -16 -12 -9 -6 8 9 21 23 11 7 -5 -3 -5 -28 -28 -42 -46 -36 -31 -27 -27 -25 -25 -27 -33 -34 -34 -31 -28 -33 -46 -59 -59 -66 -67 -65 -65 -68 -68 -72 -74 -79 -78 -75 -75 -73 -80 -68 -65 -62 -75 -74 -55 -52 -47 -41
-71 -74 -75 -75 -72 -72 -75 -80 -81 -81 -81 -78 -75 -73 -73 -73 -74 -74 -72 -72 -75 -75 -73 -66 -62 -60 -46 -46 -30 -30 -31 -32 -29 -27 -21 -20 -19 -20 -20 -20 -20 -11 -13 -12 -13 -15 -20 -25 -22 -22 -31 -31 -39 -44 -37 -31 -23 -23 -16 -15 -25 -31 -32 -32 -25 -20 -24 -36 -50 -50 -57 -62 -63 -64 -67 -67 -71 -77 -82 -84 -79 -79 -75 -81 -69 -81 -62 -75 -75 -54 -50 -44 -34
-75 -71 -66 -66 -73 -87 -68 -67 -73 -73 -76 -69 -65 -65 -67 -67 -69 -70 -70 -69 -69 -69 -67 -60 -52 -53 -50 -50 -36 -38 -34 -35 -37 -37 -33 -17 -17 -20 -20 -20 -20 -5 -20 -20 -21 -21 -19 -35 -41 -34 -35 -35 -41 -45 -37 -27 -21 -21 -10 -11 -32 -34 -35 -35 -25 -22 -35 -44 -52 -52 -56 -60 -63 -65 -66 -66 -70 -74 -78 -79 -78 -78 -79 -82 -73 -68 -78 -76 -61 -56 -51 -44 -35
-79 -80 -73 -73 -76 -65 -70 -64 -67 -67 -63 -63 -64 -59 -58 -58 -62 -64 -65 -66 -65 -65 -62 -53 -47 -41 -40 -40 -32 -32 -24 -26 -29 -29 -24 -20 -20 -20 -20 -20 -23 -19 -20 -20 -9 -9 -15 -27 -29 -40 -44 -44 -47 -52 -42 -33 -25 -25 -24 -27 -35 -41 -41 -41 -36 -38 -53 -63 -60 -60 -58 -60 -63 -65 -68 -68 -70 -73 -77 -84 -82 -80 -77 -82 -74 -71 -78 -77 -63 -54 -48 -42 -34
-64 -72 -65 -65 -79 -60 -67 -62 -62 -62 -58 -59 -62 -53 -47 -47 -54 -59 -63 -61 -58 -58 -53 -47 -44 -38 -35 -35 -26 -20 -36 -20 -21 -21 -22 -26 -13 -12 -20 -20 -22 -20 -15 -10 -8 -8 -12 -15 -28 -37 -44 -44 -40 -43 -44 -38 -33 -33 -35 -41 -50 -52 -47 -47 -46 -49 -56 -61 -60 -60 -58 -59 -60 -63 -65 -65 -68 -71 -74 -84 -81 -80 -77 -82 -70 -68 -79 -79 -60 -54 -48 -44 -38
-64 -72 -65 -65 -79 -60 -67 -62 -62 -62 -58 -59 -62 -53 -47 -47 -54 -59 -63 -61 -58 -58 -53 -47 -44 -38 -35 -35 -26 -22 8 8 -21 -21 -22 -22 -13 -15 -20 -20 -22 -20 -15 -10 -8 -8 30 25 -21 -37 -44 -44 -40 -43 -44 -38 -33 -33 -35 -41 -50 -52 -47 -47 -46 -49 -56 -61 -60 -60 -58 -59 -60 -63 -65 -65 -68 -71 -74 -78 -81 -81 -79 -82 -70 -68 -78 -66 -60 -54 -48 -44 -38
-66 -74 -63 -63 -60 -74 -88 -67 -63 -63 -65 -65 -62 -52 -45 -45 -50 -55 -60 -61 -50 -50 -50 -45 -39 -32 -27 -27 -25 -21 9 18 15 -21 -20 -20 -13 -9 -7 -7 -12 -20 -10 -20 -20 -25 29 23 10 -10 -24 -24 -30 -40 -48 -45 -43 -43 -43 -47 -55 -57 -52 -52 -50 -52 -54 -57 -58 -58 -58 -58 -59 -60 -62 -62 -65 -68 -71 -82 -76 -76 -80 -83 -83 -78 -62 -62 -58 -53 -47 -43 -38
-61 -80 -35 -35 -58 -87 -75 -59 -62 -62 -68 -66 -60 -55 -51 -51 -53 -54 -45 -47 -39 -39 -42 -36 -26 -30 8 -25 -21 -15 -15 12 18 -19 -20 -14 -13 -4 -4 -4 -5 -21 -29 -37 -36 4 8 9 -6 -10 -20 -20 -28 -40 -50 -48 -46 -46 -47 -48 -52 -53 -54 -54 -53 -53 -54 -56 -57 -57 -60 -61 -59 -56 -59 -59 -63 -65 -67 -70 -72 -72 -74 -90 -71 -80 -80 -62 -56 -52 -48 -42 -38
-55 -54 -63 -63 -74 -72 -78 -67 -61 -61 -67 -61 -54 -53 -50 -50 -49 -42 -39 -43 -36 -36 -28 -31 -33 -34 18 20 -18 -8 -10 -10 -10 -12 -5 -10 1 26 17 -5 -20 -12 -9 -10 10 25 16 -15 -10 -11 -21 -21 -28 -38 -44 -46 -48 -48 -50 -51 -52 -54 -54 -54 -54 -54 -54 -56 -58 -58 -63 -72 -57 -47 -52 -52 -60 -63 -65 -78 -73 -73 -79 -90 -90 -80 -80 -61 -56 -51 -45 -41 -38
-55 -52 -57 -57 -76 -84 -88 -73 -63 -63 -62 -56 -49 -46 -50 -50 -45 -37 -31 30 25 12 -24 -24 7 15 20 20 13 8 -8 -4 24 46 15 25 36 15 14 -18 -27 -23 -12 81 161 74 23 -10 -29 -16 -23 -23 -30 -40 -46 -47 -49 -49 -53 -56 -56 -55 -55 -55 -54 -55 -54 -56 -56 -56 -58 -56 -53 -35 -43 -43 -56 -60 -63 -69 -77 -77 -81 -91 -72 -80 -61 -61 -55 -49 -45 -46 -42
-55 -54 -55 -55 -64 -79 -77 -69 -66 -66 -60 -55 -48 -37 -37 -37 -38 -31 48 76 48 -8 -13 -17 22 14 34 38 25 21 16 10 20 19 10 8 7 -12 -21 -27 -27 -20 -20 143 255 138 26 -10 -20 -20 -24 -24 -33 -48 -49 -49 -54 -54 -59 -62 -60 -57 -56 -56 -56 -56 -55 -56 -53 -53 -50 -40 -28 -30 -44 -44 -57 -62 -64 -77 -80 -80 -89 -91 -81 -82 -62 -62 -55 -81 -81 -45 -43
-55 -54 -55 -55 -64 -79 -77 -69 -66 -66 -60 -55 -48 -37 -37 -37 -25 17 37 50 29 -3 13 24 42 22 56 66 51 35 18 8 13 13 10 6 3 -20 -27 -27 -27 -20 -13 96 226 225 93 37 -20 -25 -24 -24 -33 -48 -49 -49 -54 -54 -59 -62 -60 -57 -56 -56 -56 -56 -55 -56 -53 -53 -50 -40 -28 -30 -44 -44 -57 -62 -64 -75 -80 -80 -88 -90 -71 -81 -85 -62 -55 -48 -45 -45 -43
