GEBCO/GEBCO_06_Apr_2023_e00f6af24f04/gebco_2022_n36.0_s33.0_w127.0_e130.0.asc
ncols        720
nrows        720
xllcorner    127.000000000000
yllcorner    33.000000000000
cellsize     0.004166666667
NODATA_value -32767
[rows 336 to 377 of 720, columns 372 to 464 of 720]
-78 -74 -71 -57 -19 -20 -20 -20 -20 -21 -60 -60 -60 -59 -58 -58 -50 -50 -26 -26 -27 -28 -60 -60 -58 -61 -67 -67 -71 -71 -71 -70 -70 -70 -74 -74 -75 -76 -76 -76 -41 -42 -42 -43 -76 -76 -76 -76 -77 -77 -77 -80 -82 -82 -51 -84 -86 -86 -86 -86 -86 -86 -86 -86 -62 -63 -88 -88 -65 -66 -67 -90 -91 -91 -91 -91 -92 -71 -71 -72 -94 -94 -93 -75 -94 -95 -95 -95 -96 -98 -99 -99 -99
-80 -50 -50 -20 -20 -20 -20 -20 -60 -60 -60 -60 -56 -56 -24 -25 -26 -26 -26 -27 -28 -29 -30 -30 -74 -73 -70 -70 -69 -70 -70 -70 -71 -71 -71 -75 -76 -76 -40 -41 -42 -43 -43 -76 -76 -76 -76 -76 -77 -79 -81 -81 -82 -83 -83 -83 -86 -86 -86 -86 -86 -86 -86 -86 -63 -64 -64 -88 -90 -89 -89 -90 -91 -91 -70 -71 -72 -72 -72 -73 -94 -94 -94 -76 -95 -95 -96 -96 -97 -98 -99 -100 -100
-80 -50 -50 -21 -21 -21 -21 -21 -60 -60 -60 -56 -56 -56 -25 -26 -27 -27 -27 -28 -29 -30 -30 -31 -74 -73 -70 -70 -69 -70 -70 -70 -71 -71 -71 -75 -76 -76 -41 -42 -43 -44 -44 -76 -76 -76 -76 -76 -77 -79 -81 -81 -82 -83 -86 -85 -86 -86 -86 -86 -86 -86 -86 -86 -64 -65 -65 -88 -90 -90 -91 -90 -91 -91 -72 -72 -91 -73 -73 -74 -94 -94 -94 -77 -95 -95 -96 -96 -97 -98 -99 -100 -100
-36 -36 -36 -66 -66 -22 -57 -59 -60 -60 -60 -25 -60 -25 -26 -27 -27 -62 -28 -29 -75 -75 -75 -74 -73 -72 -70 -70 -70 -72 -70 -71 -72 -72 -77 -76 -76 -41 -42 -73 -73 -45 -76 -76 -76 -76 -76 -76 -77 -77 -77 -81 -82 -84 -85 -85 -57 -58 -86 -86 -60 -86 -86 -86 -88 -89 -90 -89 -89 -89 -91 -90 -71 -72 -73 -74 -91 -74 -74 -75 -94 -94 -94 -95 -96 -96 -96 -96 -97 -99 -100 -100 -100
-14 -14 -25 -50 -50 -55 -57 -58 -60 -60 -26 -26 -26 -26 -27 -28 -28 -62 -74 -74 -74 -74 -74 -72 -71 -70 -70 -70 -70 -72 -74 -74 -75 -75 -76 -78 -41 -42 -43 -44 -45 -46 -76 -76 -75 -75 -76 -77 -77 -81 -82 -82 -83 -84 -84 -85 -85 -85 -86 -87 -87 -87 -88 -89 -89 -89 -90 -69 -90 -90 -72 -74 -74 -74 -74 -75 -75 -76 -76 -94 -94 -94 -78 -96 -96 -96 -97 -97 -98 -99 -100 -100 -101
-14 -14 -25 -50 -55 -55 -56 -57 -25 -25 -26 -26 -26 -26 -27 -28 -74 -62 -74 -74 -72 -72 -71 -70 -70 -71 -71 -71 -36 -72 -73 -74 -75 -75 -75 -79 -78 -77 -43 -44 -45 -78 -76 -76 -76 -76 -76 -77 -78 -80 -82 -82 -83 -84 -84 -85 -86 -86 -86 -87 -87 -88 -89 -89 -89 -68 -68 -69 -89 -89 -89 -74 -74 -74 -74 -75 -75 -76 -76 -93 -77 -78 -78 -95 -96 -97 -97 -97 -98 -99 -100 -101 -101
-50 -50 -50 -23 -56 -56 -56 -56 -56 -56 -26 -26 -26 -71 -71 -71 -72 -72 -71 -69 -69 -69 -68 -69 -68 -68 -68 -36 -72 -72 -73 -39 -39 -40 -41 -79 -78 -77 -75 -75 -78 -78 -77 -77 -76 -76 -77 -78 -78 -79 -82 -82 -55 -56 -56 -85 -85 -85 -86 -88 -87 -87 -65 -67 -68 -69 -69 -70 -89 -89 -90 -74 -74 -75 -75 -76 -76 -77 -94 -94 -94 -94 -80 -81 -96 -97 -97 -97 -98 -100 -101 -102 -102
-23 -55 -56 -56 -57 -58 -25 -26 -26 -27 -27 -69 -70 -70 -69 -69 -68 -68 -68 -68 -68 -68 -66 -66 -68 -68 -72 -72 -72 -72 -39 -39 -40 -41 -42 -43 -43 -44 -75 -75 -76 -76 -76 -77 -77 -77 -78 -78 -52 -53 -54 -55 -56 -57 -57 -58 -86 -86 -62 -87 -87 -65 -66 -67 -69 -70 -70 -70 -71 -73 -91 -75 -75 -76 -76 -77 -77 -78 -94 -95 -79 -80 -97 -97 -97 -97 -98 -98 -99 -101 -102 -102 -103
-23 -55 -56 -55 -55 -58 -26 -26 -27 -27 -28 -69 -63 -63 -69 -69 -68 -68 -68 -68 -68 -68 -68 -36 -36 -71 -72 -72 -72 -72 -39 -40 -41 -42 -43 -74 -44 -45 -75 -75 -76 -76 -76 -77 -76 -76 -78 -78 -53 -54 -55 -81 -81 -58 -58 -59 -86 -86 -63 -87 -87 -66 -67 -68 -70 -71 -71 -72 -73 -89 -91 -76 -76 -77 -77 -79 -79 -79 -94 -95 -80 -97 -97 -97 -97 -97 -98 -98 -99 -101 -102 -102 -103
-55 -55 -56 -56 -56 -58 -27 -68 -67 -67 -67 -69 -63 -63 -67 -67 -67 -67 -66 -67 -68 -68 -36 -36 -69 -70 -71 -71 -71 -40 -40 -41 -42 -43 -44 -74 -44 -76 -76 -76 -76 -75 -75 -76 -76 -76 -77 -54 -54 -55 -56 -57 -58 -59 -59 -85 -85 -85 -85 -85 -86 -67 -68 -70 -71 -72 -72 -73 -74 -89 -90 -89 -77 -79 -79 -79 -80 -80 -95 -95 -96 -98 -98 -97 -97 -98 -98 -98 -100 -101 -102 -103 -104
-57 -56 -26 -26 -27 -68 -68 -67 -66 -66 -65 -65 -66 -67 -67 -67 -67 -66 -66 -67 -35 -36 -66 -67 -68 -70 -39 -40 -40 -41 -41 -42 -43 -43 -77 -76 -76 -77 -76 -76 -74 -72 -74 -74 -74 -76 -78 -79 -82 -56 -80 -80 -59 -60 -87 -86 -85 -85 -87 -87 -87 -87 -69 -71 -72 -73 -73 -74 -75 -76 -89 -89 -90 -80 -80 -81 -81 -95 -95 -95 -96 -96 -97 -98 -98 -99 -99 -99 -100 -102 -103 -104 -104
-60 -66 -66 -66 -66 -66 -67 -66 -65 -65 -30 -30 -66 -66 -66 -66 -66 -67 -34 -65 -65 -65 -66 -67 -37 -38 -39 -40 -40 -41 -41 -42 -76 -76 -77 -76 -75 -76 -74 -74 -65 -69 -74 -74 -74 -53 -54 -55 -85 -85 -80 -80 -81 -84 -86 -86 -62 -64 -87 -87 -87 -87 -69 -71 -72 -73 -73 -74 -75 -76 -77 -91 -92 -80 -95 -95 -96 -96 -96 -96 -99 -99 -98 -97 -98 -100 -88 -100 -103 -103 -104 -105 -105
-65 -65 -65 -65 -65 -65 -28 -28 -62 -30 -65 -65 -65 -64 -64 -64 -66 -35 -62 -62 -62 -65 -65 -38 -38 -39 -40 -40 -41 -42 -75 -74 -75 -75 -75 -73 -73 -50 -76 -24 -24 -79 -85 -78 -50 -50 -50 -50 -56 -57 -80 -80 -81 -84 -86 -87 -88 -88 -87 -87 -67 -69 -70 -71 -73 -74 -74 -75 -76 -77 -79 -80 -94 -95 -95 -95 -95 -97 -97 -99 -99 -99 -98 -99 -100 -101 -100 -100 -103 -104 -104 -105 -105
-64 -27 -27 -28 -29 -29 -29 -61 -62 -63 -64 -64 -64 -62 -63 -63 -35 -62 -62 -62 -37 -38 -39 -39 -39 -40 -40 -41 -74 -74 -75 -74 -72 -72 -70 -69 -68 -91 -68 -68 -90 -89 -89 -50 -42 -42 -50 -50 -57 -58 -70 -60 -61 -87 -87 -88 -88 -88 -88 -87 -68 -70 -71 -72 -89 -89 -75 -76 -77 -78 -94 -94 -94 -95 -83 -83 -84 -96 -98 -99 -98 -98 -98 -100 -101 -102 -103 -103 -105 -105 -105 -105 -106
-64 -28 -28 -29 -29 -30 -30 -61 -63 -63 -64 -64 -64 -62 -63 -63 -36 -62 -62 -64 -38 -39 -39 -40 -40 -41 -41 -42 -78 -76 -75 -74 -72 -72 -70 -69 -68 -91 -68 -89 -90 -89 -38 -35 -39 -42 -50 -50 -58 -59 -70 -61 -62 -87 -87 -88 -88 -88 -88 -87 -69 -70 -72 -73 -89 -89 -76 -77 -78 -79 -94 -94 -94 -95 -83 -84 -96 -96 -98 -99 -98 -98 -98 -100 -101 -102 -103 -103 -105 -105 -106 -106 -106
-28 -28 -29 -56 -56 -31 -60 -61 -62 -62 -62 -34 -56 -56 -57 -57 -60 -61 -61 -38 -39 -39 -40 -41 -41 -77 -77 -77 -77 -76 -74 -72 -70 -70 -68 -67 -48 -89 -89 -89 -83 -81 -38 17 -43 -50 -50 -59 -59 -60 -61 -62 -63 -87 -64 -65 -88 -88 -88 -89 -89 -89 -90 -90 -90 -92 -93 -93 -93 -93 -94 -94 -95 -96 -96 -96 -97 -98 -99 -98 -98 -98 -99 -100 -102 -103 -103 -103 -104 -105 -106 -106 -107
-28 -29 -30 -56 -56 -59 -59 -59 -61 -61 -35 -35 -56 -56 -60 -60 -60 -60 -39 -39 -40 -41 -41 -74 -72 -72 -72 -76 -75 -75 -74 -76 -73 -73 -71 -49 -73 -77 -73 -73 -67 -50 -50 -48 -50 -50 -50 -60 -60 -61 -62 -63 -87 -87 -65 -66 -88 -88 -88 -89 -89 -90 -90 -90 -91 -91 -93 -93 -93 -93 -94 -94 -95 -96 -97 -97 -97 -98 -99 -98 -99 -99 -100 -102 -103 -103 -104 -104 -104 -105 -105 -106 -115
-28 -29 -57 -56 -56 -58 -59 -59 -33 -34 -35 -66 -56 -56 -60 -60 -38 -39 -39 -76 -76 -76 -75 -74 -72 -72 -72 -74 -75 -74 -45 -77 -77 -77 -47 -70 -71 -70 -67 -67 -66 -55 -50 -56 -57 -58 -59 -60 -60 -61 -62 -63 -87 -87 -65 -88 -88 -88 -88 -89 -90 -91 -92 -92 -92 -93 -92 -93 -80 -81 -83 -84 -84 -85 -86 -86 -99 -99 -99 -98 -99 -99 -101 -102 -102 -103 -104 -104 -104 -105 -106 -107 -114
-58 -57 -57 -57 -57 -58 -33 -34 -34 -35 -69 -67 -69 -37 -38 -38 -39 -75 -76 -76 -75 -75 -74 -73 -73 -74 -44 -45 -45 -46 -72 -73 -69 -69 -48 -71 -71 -71 -71 -71 -55 -79 -79 -79 -58 -59 -60 -61 -61 -62 -88 -88 -88 -89 -89 -89 -89 -89 -71 -72 -89 -89 -93 -93 -93 -94 -95 -96 -96 -96 -96 -96 -97 -98 -99 -99 -99 -99 -99 -99 -100 -100 -102 -103 -103 -103 -104 -104 -105 -106 -114 -115 -107
-60 -58 -57 -57 -33 -34 -34 -72 -63 -71 -69 -69 -73 -38 -38 -39 -75 -73 -73 -73 -74 -74 -74 -73 -44 -45 -45 -45 -46 -70 -71 -71 -48 -48 -74 -73 -73 -72 -72 -72 -56 -57 -57 -58 -59 -60 -61 -62 -62 -63 -88 -88 -88 -67 -90 -90 -90 -90 -91 -92 -89 -89 -89 -94 -94 -94 -95 -96 -96 -96 -96 -96 -96 -96 -99 -99 -99 -99 -99 -100 -100 -100 -102 -102 -102 -103 -104 -104 -105 -116 -107 -107 -106
-60 -58 -57 -57 -34 -35 -35 -72 -71 -71 -69 -69 -73 -39 -39 -40 -75 -75 -75 -75 -74 -74 -74 -73 -45 -46 -46 -47 -70 -70 -71 -71 -48 -49 -74 -73 -73 -72 -72 -72 -57 -58 -58 -59 -60 -61 -62 -63 -63 -64 -88 -88 -88 -91 -90 -90 -90 -90 -91 -92 -93 -93 -94 -94 -94 -94 -95 -96 -96 -96 -96 -96 -98 -98 -99 -99 -99 -99 -99 -100 -100 -100 -102 -103 -102 -103 -104 -104 -105 -116 -107 -107 -106
-62 -33 -34 -34 -35 -72 -72 -72 -71 -71 -38 -73 -73 -76 -76 -76 -75 -75 -74 -75 -75 -75 -74 -46 -46 -47 -47 -48 -72 -71 -71 -49 -49 -50 -75 -74 -73 -72 -55 -56 -57 -59 -59 -60 -61 -62 -64 -65 -65 -88 -88 -88 -88 -91 -90 -90 -91 -91 -91 -92 -93 -76 -94 -94 -94 -94 -95 -96 -96 -96 -96 -98 -98 -98 -99 -99 -99 -99 -99 -101 -102 -102 -102 -103 -103 -103 -104 -104 -105 -106 -106 -106 -99
-34 -34 -35 -35 -70 -72 -72 -72 -38 -38 -39 -72 -72 -72 -75 -75 -75 -75 -75 -75 -76 -72 -72 -47 -47 -48 -48 -49 -71 -71 -69 -69 -73 -73 -73 -73 -73 -72 -55 -57 -58 -59 -59 -61 -62 -63 -65 -66 -89 -89 -88 -88 -69 -90 -91 -91 -92 -92 -94 -94 -94 -77 -79 -80 -81 -83 -83 -83 -94 -86 -97 -98 -98 -99 -99 -99 -99 -99 -100 -101 -101 -101 -102 -97 -103 -104 -105 -105 -113 -107 -106 -106 -99
-34 -71 -71 -71 -70 -71 -37 -37 -74 -74 -74 -72 -72 -72 -75 -75 -75 -75 -75 -44 -45 -72 -72 -47 -47 -48 -71 -71 -71 -71 -69 -69 -71 -71 -71 -71 -73 -54 -55 -57 -58 -59 -59 -61 -62 -63 -65 -66 -89 -89 -67 -68 -69 -70 -92 -92 -93 -93 -94 -94 -95 -96 -96 -96 -96 -83 -83 -83 -94 -86 -98 -98 -98 -99 -100 -100 -99 -99 -101 -101 -101 -101 -100 -104 -104 -105 -106 -106 -106 -107 -106 -106 -105
-71 -70 -70 -70 -70 -73 -73 -73 -74 -74 -74 -73 -74 -75 -75 -75 -75 -44 -44 -45 -46 -46 -47 -48 -48 -72 -72 -72 -71 -50 -69 -69 -70 -70 -70 -73 -74 -74 -56 -72 -72 -61 -61 -62 -63 -64 -66 -67 -88 -88 -88 -69 -70 -92 -92 -72 -73 -74 -76 -77 -77 -78 -96 -96 -96 -97 -97 -98 -94 -98 -98 -99 -99 -100 -100 -100 -100 -101 -101 -102 -102 -102 -100 -104 -104 -105 -112 -114 -107 -107 -107 -100 -105
-71 -71 -72 -72 -73 -73 -73 -73 -73 -73 -73 -73 -41 -75 -75 -75 -44 -45 -45 -46 -46 -47 -48 -49 -49 -71 -72 -72 -51 -52 -69 -69 -70 -70 -72 -75 -75 -56 -57 -59 -60 -62 -62 -63 -64 -65 -67 -90 -88 -88 -69 -70 -91 -92 -72 -73 -74 -76 -77 -78 -78 -79 -81 -82 -83 -97 -98 -98 -98 -98 -99 -99 -99 -100 -99 -99 -99 -101 -102 -102 -100 -100 -98 -104 -105 -105 -113 -107 -107 -107 -106 -106 -105
-71 -71 -72 -72 -73 -73 -73 -73 -72 -73 -73 -73 -42 -75 -75 -75 -45 -72 -46 -46 -47 -48 -49 -50 -50 -71 -72 -72 -52 -53 -69 -69 -70 -70 -72 -75 -75 -58 -59 -60 -61 -63 -63 -64 -65 -66 -68 -90 -90 -90 -70 -71 -91 -92 -73 -74 -75 -77 -78 -79 -79 -80 -82 -83 -84 -97 -98 -98 -98 -98 -99 -99 -99 -100 -99 -99 -99 -101 -102 -102 -100 -100 -99 -104 -105 -112 -107 -107 -107 -107 -107 -99 -105
-73 -73 -73 -73 -73 -72 -72 -73 -72 -73 -72 -43 -74 -74 -75 -75 -46 -72 -47 -47 -48 -49 -50 -51 -70 -71 -52 -66 -66 -68 -69 -70 -72 -72 -77 -77 -77 -59 -59 -61 -62 -63 -63 -65 -88 -67 -69 -90 -90 -71 -71 -72 -91 -92 -74 -75 -76 -78 -79 -80 -80 -81 -83 -84 -85 -87 -97 -98 -99 -99 -99 -100 -100 -100 -99 -99 -99 -102 -102 -102 -102 -102 -103 -112 -111 -105 -106 -106 -107 -107 -108 -105 -106
-73 -73 -39 -40 -72 -72 -72 -41 -70 -70 -72 -44 -73 -73 -45 -46 -47 -47 -47 -48 -49 -50 -51 -70 -70 -71 -53 -66 -66 -69 -70 -72 -73 -73 -77 -78 -59 -60 -61 -62 -68 -65 -65 -67 -88 -68 -91 -91 -91 -93 -92 -92 -92 -92 -75 -76 -77 -79 -80 -81 -81 -82 -84 -85 -96 -97 -98 -99 -98 -98 -98 -95 -100 -100 -100 -100 -101 -102 -102 -102 -102 -102 -103 -112 -111 -105 -106 -106 -107 -108 -108 -105 -106
-72 -72 -72 -72 -71 -71 -41 -41 -70 -70 -43 -44 -73 -44 -45 -46 -47 -47 -47 -48 -49 -50 -51 -70 -69 -52 -53 -66 -66 -70 -74 -75 -77 -77 -77 -79 -59 -60 -61 -62 -68 -65 -65 -67 -88 -68 -92 -92 -71 -93 -93 -93 -92 -92 -75 -76 -77 -79 -80 -81 -81 -82 -84 -85 -96 -97 -99 -98 -98 -98 -94 -100 -100 -99 -99 -99 -102 -102 -102 -102 -102 -102 -103 -105 -105 -105 -106 -106 -107 -108 -107 -106 -107
-71 -72 -72 -72 -72 -42 -42 -42 -71 -71 -44 -72 -72 -72 -46 -47 -47 -48 -48 -49 -50 -51 -71 -67 -52 -53 -72 -72 -72 -74 -76 -77 -80 -80 -80 -60 -60 -61 -62 -62 -68 -66 -66 -67 -92 -92 -92 -92 -72 -93 -93 -93 -75 -76 -76 -77 -78 -80 -81 -82 -82 -83 -96 -96 -97 -98 -98 -98 -98 -98 -95 -99 -99 -99 -100 -100 -102 -102 -102 -102 -102 -102 -113 -100 -105 -106 -107 -107 -107 -107 -107 -107 -107
-71 -40 -41 -41 -72 -42 -42 -71 -71 -71 -73 -72 -72 -72 -47 -47 -48 -49 -49 -50 -70 -70 -67 -67 -53 -54 -73 -73 -75 -77 -78 -80 -81 -81 -81 -61 -61 -61 -63 -88 -88 -67 -67 -68 -92 -92 -92 -74 -91 -91 -91 -75 -76 -77 -77 -78 -79 -81 -82 -83 -83 -96 -97 -97 -98 -98 -98 -97 -93 -94 -100 -100 -99 -99 -100 -100 -103 -102 -103 -103 -111 -111 -104 -106 -106 -106 -107 -107 -107 -107 -106 -107 -108
-71 -42 -42 -42 -43 -43 -43 -71 -71 -71 -73 -73 -73 -47 -47 -48 -49 -50 -50 -51 -70 -70 -71 -71 -54 -55 -73 -73 -75 -77 -78 -78 -78 -81 -81 -62 -62 -63 -64 -88 -66 -68 -68 -68 -92 -92 -92 -74 -91 -91 -75 -76 -77 -78 -78 -79 -80 -82 -83 -84 -84 -96 -97 -97 -98 -98 -98 -97 -94 -95 -100 -100 -99 -99 -100 -100 -103 -102 -103 -103 -111 -111 -104 -106 -106 -106 -107 -107 -107 -107 -106 -107 -108
-42 -42 -43 -43 -43 -44 -44 -71 -70 -72 -73 -73 -47 -48 -48 -49 -50 -64 -51 -67 -69 -69 -70 -55 -55 -76 -75 -75 -77 -78 -80 -82 -82 -82 -82 -62 -62 -64 -65 -66 -67 -68 -68 -91 -91 -91 -91 -92 -92 -93 -76 -77 -79 -79 -79 -80 -81 -83 -84 -96 -96 -97 -96 -96 -98 -97 -92 -94 -95 -96 -100 -99 -99 -101 -102 -102 -102 -102 -111 -103 -103 -103 -104 -104 -105 -106 -106 -106 -106 -107 -106 -107 -108
-43 -43 -43 -44 -44 -45 -45 -71 -70 -72 -73 -48 -48 -48 -49 -50 -64 -64 -52 -67 -67 -67 -55 -56 -56 -77 -78 -78 -79 -78 -82 -83 -83 -83 -62 -63 -63 -64 -65 -67 -68 -70 -70 -91 -91 -91 -92 -92 -92 -77 -77 -79 -79 -80 -80 -81 -82 -84 -85 -96 -96 -97 -96 -96 -97 -97 -93 -94 -95 -97 -100 -99 -100 -101 -102 -102 -102 -110 -110 -103 -107 -107 -104 -105 -103 -106 -106 -106 -106 -106 -106 -107 -108
-43 -43 -43 -44 -44 -45 -69 -70 -70 -71 -47 -48 -48 -48 -49 -50 -64 -64 -66 -66 -66 -66 -55 -56 -79 -79 -81 -81 -81 -60 -84 -84 -84 -84 -62 -63 -63 -64 -65 -67 -68 -70 -70 -91 -91 -91 -91 -91 -76 -77 -77 -79 -79 -80 -80 -81 -82 -84 -95 -96 -97 -97 -96 -96 -96 -93 -93 -94 -95 -97 -100 -99 -100 -101 -102 -102 -102 -102 -103 -103 -103 -103 -104 -106 -106 -106 -106 -106 -106 -105 -106 -107 -108
-44 -44 -44 -45 -45 -46 -67 -68 -47 -47 -48 -48 -48 -49 -50 -51 -52 -71 -69 -68 -54 -55 -56 -80 -80 -81 -79 -79 -82 -83 -84 -84 -62 -63 -63 -87 -64 -65 -66 -68 -69 -70 -91 -91 -91 -91 -91 -91 -77 -79 -79 -80 -92 -92 -81 -82 -95 -95 -95 -96 -97 -96 -96 -96 -96 -94 -94 -95 -100 -100 -100 -100 -101 -101 -101 -101 -102 -102 -103 -104 -104 -104 -106 -106 -106 -101 -106 -106 -106 -106 -106 -107 -107
-44 -45 -45 -46 -62 -46 -62 -64 -48 -48 -49 -61 -50 -50 -51 -52 -74 -73 -71 -69 -55 -56 -79 -80 -81 -82 -82 -82 -84 -83 -85 -85 -63 -64 -64 -65 -65 -66 -67 -69 -70 -71 -90 -90 -90 -90 -91 -79 -79 -80 -80 -81 -81 -82 -82 -83 -95 -95 -96 -96 -96 -96 -96 -96 -92 -94 -100 -100 -100 -100 -99 -100 -101 -101 -102 -111 -102 -102 -104 -105 -105 -105 -106 -106 -106 -106 -106 -106 -106 -106 -106 -107 -108
-45 -46 -46 -62 -62 -47 -62 -64 -49 -50 -50 -61 -61 -61 -52 -53 -74 -73 -71 -69 -56 -57 -79 -80 -81 -82 -82 -82 -84 -83 -85 -85 -64 -65 -65 -66 -66 -67 -68 -69 -71 -72 -90 -90 -90 -90 -91 -80 -80 -81 -81 -82 -82 -83 -83 -85 -95 -95 -96 -96 -96 -96 -96 -96 -93 -94 -100 -100 -100 -100 -99 -100 -101 -101 -109 -110 -102 -102 -104 -105 -105 -104 -106 -106 -106 -106 -106 -106 -106 -106 -106 -107 -108
-46 -47 -47 -47 -48 -58 -60 -59 -50 -58 -51 -52 -52 -52 -53 -54 -75 -75 -56 -56 -57 -58 -80 -81 -81 -82 -83 -83 -84 -84 -86 -86 -86 -66 -66 -67 -67 -68 -69 -88 -88 -90 -90 -90 -90 -90 -79 -80 -91 -91 -82 -82 -84 -85 -93 -94 -95 -95 -96 -96 -95 -90 -98 -98 -98 -99 -99 -99 -100 -100 -100 -100 -101 -102 -102 -102 -102 -100 -104 -104 -105 -104 -105 -105 -106 -106 -106 -106 -106 -105 -92 -108 -109
-47 -47 -48 -48 -49 -60 -60 -60 -51 -51 -52 -53 -53 -53 -77 -77 -76 -76 -57 -57 -80 -80 -80 -81 -81 -82 -83 -83 -83 -85 -85 -65 -66 -66 -67 -68 -68 -69 -70 -88 -88 -89 -89 -89 -77 -79 -80 -91 -91 -91 -83 -84 -85 -86 -93 -94 -96 -96 -95 -95 -96 -97 -98 -98 -98 -99 -99 -100 -99 -99 -100 -100 -101 -102 -102 -102 -101 -100 -104 -105 -105 -105 -101 -105 -105 -106 -106 -106 -105 -106 -107 -108 -109
-47 -47 -48 -48 -65 -64 -66 -50 -51 -51 -52 -53 -53 -77 -77 -77 -77 -57 -57 -57 -80 -80 -80 -81 -61 -82 -83 -83 -84 -85 -65 -65 -66 -66 -67 -68 -68 -69 -70 -88 -88 -89 -89 -76 -77 -79 -80 -91 -91 -91 -83 -84 -85 -93 -94 -95 -95 -95 -95 -96 -97 -97 -98 -98 -98 -98 -99 -99 -99 -99 -100 -102 -102 -109 -102 -102 -102 -100 -104 -105 -100 -101 -105 -105 -105 -106 -105 -105 -105 -106 -107 -108 -110
