GEBCO/GEBCO_06_Apr_2023_e00f6af24f04/gebco_2022_n36.0_s33.0_w127.0_e130.0.asc
ncols        720
nrows        720
xllcorner    127.000000000000
yllcorner    33.000000000000
cellsize     0.004166666667
NODATA_value -32767
[rows 0 to 41 of 720, columns 372 to 464 of 720]
101 110 170 214 303 301 194 236 326 265 200 219 247 264 271 295 324 352 395 444 478 453 506 611 659 608 562 538 536 517 530 547 568 609 636 621 583 600 633 682 692 761 819 834 786 726 690 639 563 499 437 395 381 368 323 256 231 201 163 144 129 120 115 109 103 96 91 100 136 134 147 135 137 131 128 130 118 112 107 95 90 86 88 98 119 135 142 105 85 89 102 111 122
98 92 126 198 267 283 188 219 259 219 298 364 403 365 301 257 264 274 287 316 357 362 413 456 502 525 555 495 449 431 442 465 481 518 531 533 516 522 568 601 637 658 684 749 812 801 786 725 655 574 503 429 404 395 353 299 222 190 170 150 137 126 115 107 101 98 94 88 117 129 123 121 121 122 123 120 118 110 105 116 111 86 79 86 114 145 161 129 88 89 97 112 141
87 85 103 134 179 181 141 216 199 260 376 441 545 504 357 255 221 220 224 249 276 290 311 344 386 420 491 489 411 377 388 409 428 462 455 465 470 475 492 527 556 598 671 762 760 712 698 687 648 623 579 523 489 468 378 294 249 189 146 139 134 137 126 120 109 94 86 90 131 145 137 120 113 107 109 106 105 104 117 122 116 99 82 82 100 130 131 110 84 86 101 125 136
83 79 102 116 112 106 127 160 155 221 272 352 470 438 353 278 214 191 189 217 229 237 249 272 311 376 445 432 370 334 344 361 370 396 417 405 420 429 445 524 603 655 718 790 755 681 621 557 509 509 558 563 493 441 372 349 269 180 151 127 117 110 107 112 99 87 84 115 169 178 156 149 139 131 117 108 112 121 144 141 130 123 113 89 90 112 102 83 79 85 100 116 121
86 78 91 90 99 107 120 151 174 198 234 261 354 313 278 338 317 244 182 181 192 200 215 238 278 335 386 402 388 326 308 318 351 391 407 363 364 398 461 539 539 570 648 713 730 697 632 591 516 444 464 455 425 445 378 260 206 160 142 141 135 109 93 101 94 82 91 153 215 200 144 129 139 129 115 104 105 120 143 137 120 114 112 99 82 83 81 77 79 91 115 128 122
86 75 92 116 160 153 166 215 218 181 178 218 268 219 247 354 432 384 237 161 186 216 232 261 291 291 297 291 315 296 269 290 348 352 337 329 331 379 446 437 469 547 552 562 621 655 614 552 484 422 371 353 319 316 349 292 221 161 138 124 126 123 105 90 88 78 88 119 139 167 165 128 111 105 99 93 115 140 136 121 113 123 131 121 128 101 75 78 89 108 124 122 122
68 80 136 141 128 128 171 174 157 134 144 165 225 204 173 226 303 307 236 176 291 377 308 233 218 210 211 238 290 267 232 244 280 271 250 268 271 318 365 368 417 447 422 459 491 526 588 597 561 465 411 362 320 301 288 238 199 174 145 119 104 110 119 107 85 74 76 96 112 141 177 144 110 92 93 90 118 135 127 130 129 140 167 166 165 161 81 80 101 122 119 102 98
63 73 122 105 128 162 154 134 104 105 121 167 250 240 156 173 233 283 205 156 257 343 300 241 199 165 161 200 253 264 228 214 246 225 234 245 239 263 291 299 327 336 344 352 374 397 419 429 440 442 438 397 378 415 405 327 229 159 144 123 116 97 102 105 89 73 72 88 135 137 141 137 115 105 87 86 121 137 140 147 157 184 218 209 161 116 76 74 92 107 103 88 78
64 65 80 95 114 133 134 104 84 103 136 198 280 263 176 147 228 280 232 144 214 241 257 330 282 192 143 151 172 185 197 192 183 190 200 207 229 261 273 256 261 295 302 289 307 323 331 321 296 288 271 248 250 318 315 271 221 146 129 115 101 94 81 88 86 74 69 70 94 159 162 135 117 103 88 84 107 110 123 123 158 202 202 205 178 112 76 72 78 88 82 75 76
80 60 67 97 94 108 102 76 78 100 148 235 283 204 150 116 171 228 245 150 156 202 209 285 258 229 176 128 128 136 169 162 155 176 182 189 218 233 218 206 232 249 257 274 310 349 358 347 280 230 203 183 168 168 173 160 141 117 105 97 87 84 81 78 76 73 71 69 67 93 138 124 115 108 91 79 92 104 118 102 119 159 183 160 137 98 83 78 73 75 75 75 76
74 58 55 59 65 78 92 71 72 99 157 231 268 187 131 93 117 188 251 178 140 192 152 162 168 208 209 141 111 115 126 133 139 148 156 167 194 184 187 206 231 265 301 342 386 443 442 401 312 262 230 200 189 175 158 153 150 149 144 129 108 102 97 89 89 84 79 74 67 66 91 113 101 98 83 90 106 118 113 91 97 119 142 143 117 116 115 126 85 70 72 72 73
60 51 50 50 60 85 79 61 71 109 133 165 197 192 161 91 102 171 178 146 119 189 148 127 192 272 240 146 118 125 135 166 201 178 186 192 184 194 214 245 277 297 326 370 434 528 528 424 357 323 307 271 259 250 248 235 209 223 268 248 165 131 112 104 102 102 99 85 72 63 72 105 95 101 81 91 96 108 124 97 90 110 111 107 111 123 164 180 96 69 71 72 75
52 48 47 47 51 58 58 60 73 88 101 134 153 171 117 76 73 92 67 88 104 140 138 109 137 163 145 172 222 216 217 246 255 234 267 266 233 248 275 302 346 382 387 396 441 528 573 515 456 428 410 368 361 367 367 318 318 369 422 336 234 163 125 108 95 90 94 93 76 63 69 107 91 96 80 82 86 97 102 84 82 85 92 113 123 120 161 166 137 75 70 73 88
50 46 44 45 48 58 79 84 101 108 132 165 139 124 78 52 48 51 63 68 88 81 85 90 108 125 146 241 341 331 258 221 226 229 237 256 270 297 338 375 407 449 487 494 538 563 619 613 572 551 527 502 517 529 453 436 478 496 414 318 227 166 134 114 103 103 94 83 69 62 74 91 79 87 70 66 70 70 69 68 70 74 79 88 94 120 177 153 123 76 70 73 85
53 44 43 46 53 117 142 122 146 146 127 96 81 57 43 55 83 104 122 76 62 67 83 145 198 218 170 209 243 300 286 202 176 181 193 209 232 262 320 364 387 440 488 551 632 679 698 628 550 489 474 492 485 491 489 447 469 432 355 293 222 180 137 111 98 88 96 90 64 59 60 61 60 62 60 59 60 62 63 65 67 69 72 76 80 113 149 137 129 70 67 72 74
48 41 40 43 75 145 146 155 134 95 78 67 43 42 78 163 175 153 145 114 80 79 79 107 167 249 266 235 173 210 269 227 152 151 166 184 200 223 256 285 311 358 423 489 576 672 668 624 559 516 447 384 365 357 339 300 334 339 311 262 207 166 133 101 97 87 78 79 60 58 57 57 58 57 58 57 58 60 62 63 64 63 65 69 73 79 87 100 108 90 68 68 70
40 40 42 62 91 111 145 171 135 103 72 51 37 63 127 156 104 73 70 54 55 61 52 79 92 139 207 256 191 130 159 187 189 168 161 187 220 268 321 334 356 381 410 450 517 561 520 486 450 430 400 385 371 339 300 254 250 232 255 219 162 122 109 100 102 105 81 58 56 55 55 56 56 57 58 58 59 58 58 59 59 60 62 62 65 70 73 79 104 93 66 67 72
35 40 55 119 181 197 175 182 206 149 67 36 44 90 118 89 48 33 30 29 32 36 47 75 86 116 126 154 126 193 271 246 286 243 197 188 209 271 319 355 382 352 371 408 465 546 536 466 393 337 291 261 244 234 234 245 295 210 191 164 133 126 104 87 78 76 62 53 54 54 55 56 57 56 55 56 57 58 59 59 59 58 59 60 61 63 64 68 71 67 64 67 72
45 95 107 154 191 195 142 136 178 145 60 33 42 66 60 38 29 30 30 29 30 31 37 49 65 111 93 94 119 223 272 287 308 299 266 249 235 242 281 309 300 283 325 344 413 506 561 539 450 373 306 274 240 202 169 169 238 192 147 145 109 96 94 91 83 68 54 54 53 54 55 55 55 54 55 57 58 61 73 68 60 60 60 60 61 61 62 64 64 64 64 66 75
51 118 146 128 137 124 93 102 112 116 82 36 31 33 31 30 30 31 31 30 30 31 39 61 85 99 72 91 101 140 182 228 289 350 318 310 317 332 312 265 226 257 269 309 374 447 516 531 474 416 395 382 342 277 215 182 167 145 111 105 90 75 67 64 61 57 55 54 54 55 54 55 54 54 55 60 64 77 91 93 76 78 82 77 77 70 62 61 64 65 65 79 104
79 138 107 90 134 92 55 90 77 60 57 39 28 27 30 32 33 36 40 34 30 36 42 56 65 59 60 80 96 124 171 163 200 224 243 337 399 379 281 205 195 220 256 324 407 508 562 491 428 444 432 396 417 362 333 307 240 224 169 117 94 84 75 69 59 56 55 53 52 53 54 53 54 53 55 61 67 73 76 81 87 95 99 96 92 94 90 88 108 123 94 86 108
108 124 82 74 87 63 39 39 32 30 31 29 26 30 32 33 36 46 53 37 31 36 40 45 50 59 67 74 84 96 106 130 160 152 267 302 354 324 250 173 161 204 259 333 413 485 479 410 369 379 402 326 320 343 273 250 200 166 118 93 81 82 71 56 52 53 58 54 51 54 54 54 54 57 62 60 60 62 63 66 72 83 98 102 93 88 95 96 106 121 115 88 90
101 81 53 38 34 26 24 24 23 24 26 25 29 33 36 42 43 51 39 30 32 34 37 42 58 59 55 55 68 74 93 119 121 146 222 232 219 280 232 143 165 227 296 359 413 454 405 342 299 334 373 332 261 262 236 179 156 111 91 79 69 69 59 48 49 52 52 53 54 62 72 74 79 77 90 93 83 66 62 62 65 73 88 91 81 82 86 97 106 118 111 95 104
58 38 26 23 26 28 29 30 32 30 28 44 57 49 50 47 45 49 33 30 31 33 34 36 37 40 42 49 70 66 70 86 86 96 122 149 183 258 206 154 227 293 351 356 343 340 353 301 249 297 274 265 208 187 184 138 94 80 72 68 60 53 48 47 48 50 51 52 57 66 77 82 83 81 86 97 86 74 75 71 62 67 77 78 82 96 104 96 98 107 113 109 126
28 24 24 27 29 30 32 37 58 42 31 53 67 55 46 41 44 48 38 32 33 33 33 34 33 35 38 46 56 53 55 62 72 91 111 129 156 189 150 163 233 300 284 286 278 266 293 240 203 217 199 196 160 141 114 86 80 62 52 48 48 48 49 49 49 51 55 55 55 58 63 67 70 73 81 88 91 84 85 80 65 65 73 84 99 100 114 107 103 113 124 135 159
26 27 28 29 30 32 33 44 54 35 32 39 53 52 49 47 48 51 54 43 33 34 34 33 34 33 34 39 43 47 53 57 60 77 91 87 100 111 118 153 194 214 210 237 255 216 209 176 213 167 154 130 108 101 82 64 53 46 47 49 49 49 49 49 51 55 58 59 65 68 61 66 73 78 87 93 95 91 95 88 70 66 74 87 102 111 120 118 108 119 136 163 208
30 29 29 31 31 32 33 36 37 36 35 35 39 47 51 55 57 60 59 49 37 33 34 35 34 35 36 37 38 40 44 47 51 58 64 69 81 76 98 108 115 127 145 155 187 157 144 172 187 130 116 104 83 72 68 49 44 45 47 48 48 48 49 50 53 58 63 70 74 67 69 69 68 76 82 84 89 95 98 89 74 68 74 85 89 95 107 121 126 134 150 193 290
29 29 30 31 35 34 34 35 36 38 36 36 37 43 48 54 53 56 59 46 43 44 42 37 33 34 35 36 35 35 36 36 40 48 60 72 68 66 79 82 85 103 111 98 107 97 128 120 95 82 97 104 73 55 51 45 44 45 46 47 47 48 49 51 61 74 77 75 77 67 73 86 71 69 71 74 78 84 93 91 82 71 72 86 101 107 113 125 148 172 204 249 327
31 30 31 37 45 40 38 37 38 39 41 39 39 44 45 48 50 54 55 47 51 48 45 46 36 33 36 37 36 37 35 34 36 47 67 80 60 60 68 66 74 87 83 76 75 81 122 107 72 65 80 66 50 46 45 44 45 45 45 45 47 52 57 63 76 85 91 91 84 79 70 76 78 71 73 81 86 90 96 92 88 79 73 85 105 113 117 141 181 247 322 330 279
41 37 34 41 47 43 44 40 41 41 42 41 41 42 47 52 53 56 53 58 64 51 51 46 44 45 36 35 38 37 36 36 35 38 54 60 52 54 60 57 54 59 61 59 61 72 86 82 63 52 48 44 44 45 44 45 45 45 46 48 51 54 62 70 74 73 79 86 96 89 75 75 83 82 89 83 86 92 104 104 101 92 77 79 92 105 131 177 269 316 306 289 225
49 39 36 44 50 47 51 43 42 45 47 47 45 45 44 49 57 63 57 64 65 52 54 45 49 51 55 45 40 37 33 36 37 39 43 45 47 49 51 50 49 48 53 51 53 55 55 50 48 46 43 43 42 42 45 45 45 45 46 53 60 63 67 68 68 70 81 93 100 103 87 77 83 88 100 95 94 104 105 116 107 92 82 77 82 101 149 229 287 254 195 201 174
48 41 40 44 52 53 51 48 48 48 50 51 50 48 46 47 54 65 63 70 64 57 61 52 54 60 75 74 59 45 33 33 36 37 40 41 43 44 45 43 43 43 43 45 46 50 48 45 46 44 42 41 41 43 45 45 45 47 54 63 66 69 77 80 74 79 88 99 96 91 98 89 83 91 96 99 106 118 117 123 112 94 105 98 84 87 128 150 168 178 150 125 128
46 46 48 49 54 51 51 53 51 48 52 51 51 49 48 49 50 58 64 80 78 70 71 65 66 88 108 107 87 56 36 34 36 37 36 38 39 39 39 39 39 40 41 42 43 42 41 39 39 40 41 42 43 44 44 44 45 55 61 61 63 71 82 87 82 87 94 105 91 87 99 97 93 107 127 116 115 139 137 130 127 105 124 145 131 109 103 120 107 111 112 112 122
41 41 45 48 54 53 56 61 58 51 53 54 53 51 51 53 53 54 60 67 67 67 68 69 81 121 99 81 67 63 47 34 33 35 35 36 36 36 36 37 37 37 37 39 41 40 38 39 40 41 42 42 42 44 44 45 46 52 56 60 66 75 84 81 76 82 79 85 79 85 100 104 106 120 151 147 142 161 160 152 143 118 146 173 161 144 126 157 118 123 127 125 121
39 41 47 57 64 61 62 65 56 54 59 61 56 55 55 55 55 56 62 73 68 74 88 82 82 100 102 100 79 63 53 41 45 41 35 34 35 36 37 38 39 39 38 38 39 40 40 40 41 41 41 42 43 43 44 44 45 48 52 56 65 72 76 70 68 65 63 66 69 78 93 97 113 133 150 170 193 224 218 203 172 132 178 187 148 133 175 187 124 115 146 192 207
38 50 58 70 76 65 67 62 59 61 61 59 56 57 59 58 57 58 69 90 85 92 114 109 91 92 98 85 86 87 61 46 50 64 84 62 46 45 40 47 56 41 41 40 40 39 39 39 40 41 41 44 49 45 45 46 45 47 49 51 56 60 58 57 58 64 72 79 88 81 78 85 96 103 119 145 190 270 324 302 229 153 198 222 163 177 180 169 129 115 126 147 180
51 82 77 59 60 69 74 73 74 70 65 61 60 58 60 60 60 60 75 104 96 93 122 120 101 111 93 72 58 52 48 58 71 80 93 77 76 59 43 53 63 41 40 41 40 40 39 41 41 43 45 51 58 50 51 54 47 47 48 49 50 51 54 67 82 78 95 95 97 114 93 96 115 124 129 148 196 314 359 349 240 195 242 208 188 236 184 143 142 137 145 157 147
44 54 55 62 65 67 71 74 75 72 72 69 65 61 62 63 62 63 85 90 85 85 121 160 142 105 75 59 52 49 54 78 88 71 61 56 52 50 50 49 46 41 40 42 42 42 43 49 55 57 55 54 56 52 64 65 54 48 48 49 49 52 61 75 96 111 119 135 109 120 103 103 124 157 188 244 286 359 335 360 318 266 315 240 222 234 174 202 240 197 199 237 207
39 45 51 56 62 67 69 74 80 81 81 79 75 65 66 65 65 67 72 78 101 94 129 156 100 80 69 78 65 66 76 79 72 68 67 64 56 57 58 58 51 45 44 44 45 45 45 49 59 62 64 58 55 58 68 70 66 53 48 48 49 52 60 69 94 113 141 196 156 133 111 121 154 218 314 353 376 357 310 297 306 235 300 271 249 239 215 322 324 262 253 303 313
49 57 62 68 78 84 87 90 95 98 107 104 89 71 69 68 69 70 70 90 139 131 138 159 115 101 101 83 73 100 93 80 80 80 75 70 69 69 64 64 59 51 49 49 48 47 49 51 51 61 67 60 54 61 67 65 61 55 49 49 50 51 56 64 76 103 145 181 124 114 130 142 181 256 355 330 363 327 287 261 236 192 247 241 238 312 314 344 338 401 417 391 392
60 76 89 103 130 132 155 184 184 142 183 162 123 87 72 71 71 76 80 87 107 154 144 139 161 145 141 138 115 103 99 95 98 102 101 96 88 77 73 78 64 56 54 51 51 52 54 59 54 60 64 63 62 62 72 73 68 59 51 49 50 51 54 62 69 82 112 125 113 137 136 162 220 310 345 303 341 293 237 218 190 158 199 205 219 307 390 356 312 389 447 424 361
72 94 133 195 273 259 281 350 275 189 251 245 160 119 76 85 83 81 85 92 99 123 121 139 183 182 152 127 130 143 147 132 131 164 177 170 138 89 86 74 65 59 54 51 53 58 60 63 59 65 75 69 69 66 74 79 68 62 54 51 51 52 54 63 71 79 89 89 118 143 121 139 197 288 288 239 284 245 190 169 160 144 197 174 187 273 364 346 285 327 367 334 339
