GEBCO/GEBCO_06_Apr_2023_eb7889e085b8/gebco_2022_n38.0_s35.0_w123.0_e127.0.asc
ncols        960
nrows        720
xllcorner    123.000000000000
yllcorner    35.000000000000
cellsize     0.004166666667
NODATA_value -32767
[rows 84 to 125 of 720, columns 864 to 959 of 960]
19 15 9 14 17 12 15 19 13 25 36 44 49 30 20 18 23 17 15 19 23 39 33 14 10 6 -1 -1 -1 1 1 2 2 4 6 8 7 8 9 11 11 14 18 17 15 16 20 20 13 11 16 24 27 17 10 16 24 39 61 63 47 38 47 45 36 31 24 21 20 20 22 24 28 32 30 29 30 33 34 53 78 60 74 116 186 280 389 363 348 360 426 510 528 417 322 241
40 21 11 13 23 22 17 20 17 21 36 54 65 41 26 25 23 17 13 11 11 12 11 9 8 9 10 7 1 1 1 2 2 2 2 4 7 8 10 10 10 9 11 14 16 15 18 17 12 11 22 36 21 12 9 17 24 35 53 43 28 36 49 51 31 36 24 18 19 26 33 50 47 64 78 49 30 36 54 58 91 69 79 121 183 273 389 480 467 432 448 496 530 431 319 210
62 24 16 13 18 27 31 36 28 28 27 38 56 45 40 28 17 11 10 9 8 8 8 8 8 10 9 7 8 8 2 2 2 2 2 2 3 5 8 10 10 9 9 10 13 14 12 11 11 10 14 22 15 9 11 18 22 29 30 24 28 48 51 43 28 22 18 17 22 39 58 79 93 77 115 72 41 76 107 100 91 82 99 142 232 255 298 399 506 542 538 501 520 419 308 215
34 25 28 24 23 26 24 33 44 50 39 45 57 40 31 25 27 33 19 18 11 8 8 8 8 12 10 7 7 8 8 7 3 2 2 3 2 -4 4 6 10 10 10 10 9 9 10 10 9 9 10 11 8 9 15 22 21 31 28 21 31 41 39 42 34 20 16 19 32 32 46 76 113 113 113 76 48 57 64 69 96 126 156 184 229 318 354 413 559 634 587 549 508 444 362 262
13 18 39 47 41 48 40 55 68 65 90 91 67 48 42 43 28 43 45 36 14 7 7 9 11 18 16 9 7 7 7 7 8 8 3 3 3 -1 3 4 6 6 8 9 9 9 9 9 9 9 11 11 10 12 20 20 24 36 29 17 26 34 27 37 36 18 15 19 24 44 57 71 101 149 154 110 73 65 62 64 106 147 239 295 318 375 466 485 540 620 591 470 387 374 395 318
14 33 40 51 76 93 76 65 85 87 101 137 136 83 63 50 29 23 29 22 12 12 22 18 22 26 21 13 8 8 8 6 8 9 9 7 4 4 5 3 6 5 4 6 8 8 8 9 9 9 10 12 15 17 21 24 28 35 30 17 22 22 26 26 20 18 14 17 23 27 32 37 57 117 141 82 59 73 64 71 86 152 272 374 446 466 462 429 438 539 510 425 337 282 301 314
8 19 22 33 52 61 51 32 30 31 43 79 103 75 61 45 27 20 42 20 7 13 31 23 30 47 26 16 15 13 12 7 7 8 10 8 9 8 7 8 7 6 5 5 5 8 9 9 11 13 12 11 16 21 27 27 25 28 25 15 16 25 30 26 13 13 16 19 22 27 38 45 59 114 95 57 43 48 45 55 76 151 250 321 365 375 354 317 374 432 378 379 313 237 206 227
7 10 10 16 20 25 34 21 21 38 54 73 100 57 44 30 17 11 9 10 22 21 25 33 34 69 71 28 16 14 12 9 8 8 10 12 11 13 14 16 12 8 6 4 4 6 6 11 12 9 9 9 9 13 26 26 21 23 21 16 19 23 21 16 11 12 23 43 43 34 35 68 75 66 60 44 34 36 54 62 81 199 273 244 232 242 243 262 310 341 291 343 327 255 204 145
13 12 7 7 9 12 16 14 27 24 32 41 57 44 34 52 47 25 14 16 22 35 55 32 41 66 81 56 46 29 14 10 8 7 8 10 15 17 20 30 23 16 10 9 8 7 7 7 8 9 8 9 9 11 19 22 16 18 18 15 19 20 13 13 12 14 24 56 92 65 42 84 127 66 39 32 30 36 45 46 80 138 157 164 185 156 176 216 213 217 198 243 271 199 161 144
9 7 6 6 5 10 8 6 10 13 18 30 38 52 46 29 22 19 31 22 19 39 65 39 41 62 52 41 47 37 16 14 11 9 8 11 18 28 24 44 38 19 20 24 9 8 7 7 4 8 10 9 10 13 12 12 11 12 14 31 39 18 14 11 13 20 32 62 110 98 50 68 123 74 42 29 29 33 33 36 52 75 97 136 170 128 155 161 152 143 144 192 249 194 124 103
7 7 5 6 6 6 7 9 6 6 10 16 22 30 40 41 19 19 38 45 24 30 64 58 64 80 42 28 34 25 20 13 11 9 9 13 17 25 32 39 27 16 18 28 15 11 8 7 7 4 8 13 14 15 12 11 11 11 22 48 26 11 11 12 17 30 45 82 127 96 36 52 108 71 40 27 27 27 31 41 57 119 165 151 146 137 108 111 114 139 176 219 272 227 153 113
7 5 5 6 6 8 11 19 24 13 12 17 20 22 28 41 40 31 17 25 39 47 62 50 56 76 39 20 26 32 24 14 10 9 8 10 18 27 36 44 23 14 12 14 11 9 15 14 7 7 8 12 20 21 21 14 12 11 18 24 11 10 10 12 15 20 32 80 103 54 30 74 107 57 34 26 25 27 33 41 54 113 129 87 106 115 93 111 154 202 252 267 263 209 164 152
6 6 7 8 8 8 15 21 25 19 19 18 24 36 43 41 37 33 25 44 64 70 60 40 36 54 36 20 15 23 19 11 8 9 9 13 20 22 36 37 23 14 13 10 8 9 9 9 9 9 8 13 11 31 54 39 10 10 10 10 9 10 11 18 22 21 27 47 61 30 34 78 106 62 35 25 24 37 68 85 91 92 91 56 76 94 112 115 168 214 253 213 169 144 112 99
7 7 8 8 8 10 14 15 18 13 10 10 10 15 28 41 32 20 20 30 43 52 36 26 23 32 24 19 11 11 13 11 10 11 9 13 14 16 18 16 13 11 10 10 9 10 10 9 11 12 9 16 20 22 26 24 12 9 9 9 12 15 18 19 20 28 21 25 28 30 51 86 97 64 50 24 25 54 134 144 100 84 58 54 91 161 164 119 144 224 209 152 154 142 99 72
6 8 3 8 8 8 8 10 19 10 6 5 8 20 37 51 43 27 22 27 39 54 52 41 30 21 21 15 12 19 19 16 13 10 10 11 16 20 13 12 9 9 8 8 9 10 10 11 20 27 13 10 21 21 18 5 12 10 12 13 14 22 38 58 43 36 18 15 24 62 91 114 99 63 33 21 25 56 145 136 65 61 51 61 122 198 210 143 90 113 132 90 98 124 85 59
2 3 4 5 5 7 8 12 12 10 6 12 13 17 23 34 47 37 28 29 36 46 46 38 43 44 29 15 21 32 23 17 12 12 14 17 21 15 10 9 9 9 9 10 11 10 10 14 49 73 36 18 12 17 15 13 4 9 7 12 12 20 47 61 43 36 16 14 16 25 36 44 57 35 20 24 34 48 82 123 65 55 71 68 100 204 221 131 67 59 69 67 72 74 64 47
2 3 4 5 6 7 9 10 11 13 14 12 11 10 9 23 38 30 32 42 47 51 56 46 32 25 22 19 29 42 30 23 19 16 16 13 13 11 9 9 9 10 9 11 11 10 9 13 48 85 53 33 29 14 11 11 10 9 4 5 9 14 18 20 21 22 15 13 14 12 15 18 27 19 19 31 48 44 43 65 48 76 141 127 99 164 164 91 54 48 49 50 53 54 50 43
2 2 3 4 6 8 8 9 10 11 12 12 12 12 14 8 10 11 17 36 54 66 67 54 41 52 34 23 28 33 27 22 15 11 10 10 9 10 9 10 10 9 10 10 10 8 8 9 20 51 33 24 21 15 12 12 11 10 11 12 4 7 12 15 35 65 65 27 30 23 24 19 17 25 30 37 42 30 30 41 53 95 193 203 126 88 102 92 57 45 41 43 43 42 44 40
2 2 3 4 5 6 7 8 9 9 10 9 9 9 11 6 7 7 11 18 24 31 44 48 46 48 33 27 29 25 19 17 13 12 11 10 10 10 8 8 8 11 13 11 8 8 8 8 12 19 19 17 17 17 14 11 10 23 21 13 13 4 5 9 23 58 84 57 29 24 45 30 18 23 31 27 26 32 46 47 49 82 141 149 145 89 65 69 58 49 43 44 42 37 34 34
1 1 2 3 4 5 6 6 7 7 8 7 7 6 11 13 11 10 11 13 16 21 35 58 70 53 62 61 40 36 32 25 25 20 17 18 14 11 9 8 8 11 13 14 12 9 9 14 15 13 15 17 13 13 11 9 8 13 16 17 12 11 6 5 6 11 26 50 73 51 24 23 18 27 29 22 27 50 40 30 56 80 96 96 127 125 75 52 53 49 51 54 47 40 33 32
1 2 2 3 3 4 4 5 6 10 13 9 7 8 7 9 12 18 23 37 38 35 36 58 77 69 90 99 62 60 45 53 55 44 27 36 30 17 11 8 8 9 10 12 16 17 17 16 15 13 17 16 13 10 9 9 9 14 18 18 17 13 15 7 5 21 7 13 35 37 20 20 19 22 28 21 18 20 23 34 50 54 58 77 81 72 77 56 46 48 50 55 53 47 39 37
1 2 3 3 3 3 3 3 4 5 6 11 15 17 17 16 16 18 30 49 51 64 76 110 114 108 122 139 101 73 69 69 66 58 41 26 21 15 14 9 8 9 9 11 15 17 19 22 19 15 17 15 12 11 10 10 10 14 18 18 16 18 16 15 19 6 17 5 6 12 16 15 15 17 25 26 17 18 27 39 35 37 46 71 75 53 64 57 44 48 53 54 60 61 53 53
1 2 3 3 3 2 2 3 4 11 12 11 16 17 18 17 20 18 20 25 35 56 68 100 146 156 221 263 201 122 79 55 42 39 26 17 12 10 10 8 8 9 9 12 13 15 17 18 17 18 16 14 13 11 11 10 11 16 29 32 18 21 19 17 23 16 16 15 13 5 9 14 15 15 15 16 18 23 25 29 28 41 56 66 65 43 57 67 40 46 70 87 112 126 90 85
1 15 4 3 3 2 1 2 8 9 9 10 11 9 9 9 11 18 27 33 39 49 49 66 93 158 248 281 218 151 129 85 51 28 17 14 11 9 9 7 10 10 9 10 11 12 8 14 15 14 16 17 15 14 19 22 23 36 53 28 22 41 34 21 25 23 17 14 12 9 5 7 13 15 17 23 25 29 49 43 27 40 44 47 55 32 47 63 42 39 59 94 167 211 167 125
1 4 4 4 3 2 2 2 2 7 8 8 7 9 12 13 17 26 37 48 62 81 69 83 111 123 127 122 97 73 74 60 42 30 19 13 10 10 9 8 12 10 9 8 10 11 11 13 14 14 14 17 18 22 43 45 30 39 40 25 37 55 35 26 28 21 21 17 14 11 8 9 6 11 18 21 20 24 31 22 23 22 22 29 33 31 53 64 43 34 37 55 113 152 200 180
2 5 5 4 3 2 2 2 2 2 3 3 11 11 10 13 15 23 33 41 66 96 125 160 184 161 99 72 51 44 39 34 29 24 17 14 11 9 10 10 12 10 9 10 11 11 11 14 17 17 18 18 22 28 39 36 26 29 31 35 65 86 56 36 35 32 36 29 13 15 13 9 8 6 8 13 14 12 10 16 17 16 22 18 25 43 47 45 32 24 28 55 77 76 117 131
3 5 5 4 3 2 2 1 1 1 1 1 2 4 7 7 10 24 45 71 90 124 138 205 179 138 116 101 58 38 32 28 22 19 16 11 11 9 9 10 10 9 9 8 10 10 11 12 12 13 19 23 29 33 27 25 21 26 43 50 64 54 56 32 24 27 20 18 14 12 16 16 11 6 5 5 5 5 6 5 6 8 17 27 47 51 27 28 22 19 28 39 42 56 87 91
12 4 19 23 13 2 1 1 1 1 -1 -1 -1 3 7 6 13 52 62 114 144 104 113 149 94 66 57 68 58 36 28 27 21 20 16 11 10 9 9 9 10 9 7 10 10 10 11 12 13 14 14 19 29 35 28 21 18 23 39 34 44 32 26 25 21 18 19 19 17 12 15 18 19 16 6 7 6 6 5 5 5 5 14 31 39 30 20 20 19 19 26 30 42 60 70 73
1 4 18 20 2 1 -1 -1 -1 -1 -1 -1 -1 1 7 5 13 46 54 121 130 81 111 102 61 47 40 35 32 27 25 22 21 19 14 9 8 6 7 12 10 10 10 13 16 17 13 13 15 22 18 20 31 37 43 29 19 18 25 21 20 19 16 17 18 16 20 18 16 13 18 18 20 19 16 24 21 23 17 9 5 5 5 7 15 19 17 17 18 25 30 32 48 48 44 60
-1 2 3 3 2 1 -1 -1 -1 -1 -1 -1 1 3 9 6 8 19 32 70 78 65 73 53 40 35 32 30 26 21 19 19 17 16 13 10 11 11 9 12 13 12 10 12 14 18 20 19 18 23 24 28 31 31 42 35 22 16 15 20 24 19 15 15 18 17 12 12 13 14 16 18 16 17 17 19 23 26 23 23 12 6 5 5 8 17 16 17 20 23 21 22 30 29 33 44
-1 1 2 2 1 5 1 1 1 1 1 2 3 9 15 10 8 13 19 32 49 51 43 38 30 27 25 24 22 22 23 19 17 18 21 15 12 10 11 15 14 14 13 15 15 17 24 27 21 23 29 36 55 57 63 41 27 20 19 29 29 21 17 16 16 14 14 13 14 16 18 18 17 17 17 16 19 32 30 28 23 15 6 5 5 11 15 17 20 22 21 25 25 21 29 31
-2 -1 -1 -1 1 1 2 2 1 2 2 3 11 18 24 19 15 15 23 53 75 60 72 63 34 25 21 19 18 18 22 19 16 15 16 12 11 9 11 14 16 15 14 18 19 24 35 31 22 25 44 46 48 79 90 57 40 26 26 41 30 20 18 17 17 16 16 13 17 17 17 16 17 20 18 17 16 16 23 23 21 23 11 9 7 7 9 8 13 19 22 25 23 22 13 7
-6 -3 -2 -2 -1 1 2 2 1 2 3 4 12 19 37 31 22 21 29 73 117 94 60 48 31 25 21 19 18 17 17 14 11 11 10 11 10 10 12 14 17 17 16 18 26 53 58 43 26 26 41 42 54 73 64 43 42 31 34 55 46 29 20 19 19 19 15 12 14 15 16 17 16 21 25 23 21 20 20 22 20 21 22 25 22 16 11 5 5 6 7 9 9 6 5 5
-9 -7 12 17 18 16 1 1 1 1 2 4 6 20 26 22 15 18 28 58 115 119 72 49 30 22 19 19 19 17 16 14 9 8 9 12 11 11 14 17 19 20 17 19 28 63 52 34 35 30 32 45 70 87 90 63 44 31 31 43 47 42 27 24 23 14 11 14 18 16 16 19 23 25 31 29 26 29 37 33 31 26 37 44 55 55 36 15 10 6 5 5 5 5 7 13
-16 -14 -10 -6 -3 -1 -1 -1 -2 -1 1 3 13 20 19 14 12 17 28 59 93 111 71 48 30 27 24 21 16 14 13 13 13 13 11 11 11 11 15 18 18 18 18 20 25 40 42 41 61 50 37 48 67 90 70 60 55 61 38 33 37 29 23 30 34 14 15 20 20 21 21 20 19 21 27 38 42 42 50 51 43 39 48 58 68 56 28 31 45 34 13 11 14 16 19 21
-17 -14 -8 -5 -3 -2 -2 -4 -6 -1 -1 2 4 6 8 11 14 13 22 54 74 86 90 49 31 26 21 21 21 17 15 14 14 17 15 12 11 13 18 15 16 17 18 18 19 24 32 46 84 82 54 55 71 77 49 43 72 67 36 24 26 33 20 24 24 13 15 19 23 20 19 18 17 20 26 30 27 29 37 44 41 46 56 60 66 83 64 79 71 33 21 28 23 21 18 18
-16 -2 -1 -2 -1 -1 -2 -6 -7 -4 -1 1 3 4 7 10 12 15 19 31 45 72 66 41 28 24 23 22 23 19 17 16 14 17 15 14 16 18 20 19 20 21 19 19 20 27 43 76 103 66 63 75 70 60 44 38 54 45 32 26 22 20 19 20 14 15 18 21 24 20 19 18 19 20 25 26 26 30 34 38 53 64 61 82 76 90 119 116 63 42 59 45 25 26 34 28
-4 -4 -1 1 1 2 1 -1 -1 -1 1 2 3 4 11 12 15 17 24 31 29 45 61 52 39 33 32 25 26 26 22 18 16 18 15 17 22 22 21 21 19 19 20 18 20 25 45 91 99 59 43 57 49 46 34 29 27 25 24 36 32 21 23 19 15 14 19 20 24 21 19 19 21 23 31 36 30 32 42 49 72 116 102 107 112 106 118 118 95 86 64 33 22 23 36 53
-2 -2 1 3 5 5 5 5 4 4 5 5 5 11 11 12 12 12 17 23 20 35 47 74 61 46 35 29 29 32 27 23 23 24 20 18 21 23 20 22 21 24 28 25 22 24 53 89 73 57 36 37 38 43 44 40 30 28 55 73 40 19 23 25 18 13 16 19 25 24 21 20 19 20 28 32 25 27 29 35 56 80 81 73 105 96 85 72 70 57 45 26 21 25 24 46
-4 3 5 6 8 11 14 13 11 12 13 10 9 9 11 10 12 12 13 14 12 26 40 61 73 47 37 48 52 46 42 41 34 29 22 18 20 28 27 27 29 31 33 32 29 26 30 49 55 40 32 31 29 33 44 70 71 38 50 60 34 19 28 32 19 13 15 18 24 26 24 24 22 22 22 23 26 29 28 33 37 35 43 45 55 57 81 73 43 38 31 23 24 38 32 42
9 10 8 11 12 18 21 19 13 22 19 14 17 12 11 10 10 11 11 11 12 19 23 33 42 54 50 74 89 90 91 91 60 37 29 23 24 39 47 40 46 53 44 45 61 57 35 37 40 40 43 36 29 25 51 94 66 28 19 22 20 20 31 37 23 16 14 16 15 19 29 31 28 28 28 28 40 43 32 40 68 62 44 41 44 49 68 81 61 35 26 23 27 51 54 47
13 14 8 10 23 44 35 17 16 27 17 20 34 25 14 13 12 10 10 10 11 12 19 27 34 60 57 67 67 73 95 133 110 53 37 27 32 66 102 98 97 85 75 75 111 87 42 37 51 57 46 40 31 24 53 80 54 22 17 18 24 25 41 40 26 20 14 16 16 19 26 35 37 41 40 34 41 69 75 63 53 57 74 78 68 61 55 64 78 57 34 28 34 47 73 79
