GEBCO/GEBCO_06_Apr_2023_eb7889e085b8/gebco_2022_n38.0_s35.0_w123.0_e127.0.asc
ncols        960
nrows        720
xllcorner    123.000000000000
yllcorner    35.000000000000
cellsize     0.004166666667
NODATA_value -32767
[rows 126 to 167 of 720, columns 480 to 575 of 960]
-31 -30 -30 -29 -29 -28 -28 -27 -27 -26 -26 -25 -25 -24 -23 -22 -21 -21 -20 -19 -19 -18 -18 -18 -18 -18 -18 -20 -20 -20 -18 -18 -18 -18 -18 -18 -18 -18 -18 -18 -18 -18 -17 -17 -16 -16 -15 -15 -14 -14 -14 -14 -14 -14 -14 -14 -14 -14 -14 -14 -14 -14 -14 -14 -14 -14 -14 -13 -13 -12 -12 -13 -13 -13 -14 -13 -13 -12 -12 -12 -12 -13 -13 -13 -14 -14 -14 -13 -13 -12 -12 -12 -12 -12 -13 -13
-32 -32 -32 -31 -30 -30 -29 -29 -28 -28 -27 -27 -26 -26 -25 -23 -21 -21 -20 -20 -19 -19 -18 -18 -18 -18 -18 -18 -20 -20 -20 -18 -18 -18 -18 -18 -18 -18 -18 -18 -17 -17 -17 -16 -16 -15 -15 -14 -14 -13 -13 -13 -13 -13 -13 -13 -13 -13 -13 -13 -13 -13 -13 -13 -13 -13 -13 -13 -12 -12 -12 -12 -12 -13 -13 -13 -12 -12 -12 -12 -12 -12 -12 -12 -13 -13 -13 -13 -13 -12 -11 -12 -12 -12 -12 -12
-34 -34 -34 -33 -32 -31 -31 -30 -30 -29 -29 -29 -28 -28 -27 -25 -23 -22 -21 -20 -20 -20 -19 -19 -18 -18 -18 -18 -20 -20 -20 -18 -18 -18 -18 -18 -18 -18 -18 -18 -17 -17 -16 -16 -15 -14 -14 -13 -13 -13 -12 -13 -13 -13 -13 -13 -13 -13 -12 -12 -12 -12 -12 -12 -12 -12 -12 -12 -12 -12 -12 -12 -12 -11 -11 -12 -12 -12 -12 -12 -11 -11 -11 -12 -12 -13 -13 -13 -12 -12 -11 -11 -12 -12 -12 -12
-36 -36 -36 -35 -34 -33 -32 -31 -31 -31 -30 -30 -30 -30 -29 -27 -25 -24 -22 -21 -21 -20 -20 -19 -19 -18 -18 -18 -18 -18 -20 -20 -20 -20 -18 -18 -18 -18 -18 -17 -17 -16 -16 -15 -14 -14 -13 -13 -12 -12 -12 -12 -12 -13 -13 -12 -12 -12 -12 -12 -12 -12 -12 -12 -12 -12 -12 -12 -12 -12 -12 -11 -11 -11 -10 -11 -11 -12 -12 -11 -11 -11 -11 -11 -12 -12 -12 -12 -12 -11 -11 -11 -12 -12 -12 -12
-38 -38 -37 -36 -36 -35 -34 -33 -32 -32 -31 -31 -31 -30 -30 -28 -26 -25 -23 -22 -21 -21 -20 -20 -19 -19 -19 -18 -18 -18 -18 -20 -20 -20 -20 -18 -18 -18 -18 -17 -16 -16 -15 -15 -14 -14 -13 -13 -12 -12 -12 -12 -12 -12 -12 -12 -12 -12 -12 -12 -12 -12 -12 -11 -11 -11 -11 -11 -11 -12 -11 -11 -11 -11 -10 -10 -11 -11 -11 -11 -11 -10 -10 -11 -11 -12 -12 -12 -12 -12 -12 -12 -12 -12 -12 -12
-39 -39 -38 -38 -37 -37 -36 -35 -33 -33 -32 -31 -31 -31 -30 -28 -26 -26 -24 -23 -22 -21 -20 -20 -20 -20 -19 -19 -19 -18 -18 -18 -18 -18 -20 -20 -18 -18 -17 -17 -16 -16 -15 -15 -14 -14 -13 -13 -12 -12 -12 -12 -12 -12 -12 -12 -12 -12 -12 -12 -12 -12 -12 -11 -11 -11 -11 -11 -11 -11 -11 -11 -11 -11 -10 -10 -10 -10 -10 -10 -10 -10 -10 -11 -11 -12 -12 -12 -12 -12 -12 -12 -12 -12 -12 -12
-41 -41 -40 -40 -39 -38 -37 -36 -35 -34 -33 -32 -31 -31 -30 -28 -27 -26 -24 -23 -22 -21 -20 -20 -20 -20 -20 -20 -19 -19 -18 -18 -18 -18 -18 -20 -20 -20 -20 -17 -16 -16 -15 -15 -14 -14 -13 -12 -12 -12 -12 -11 -12 -12 -12 -12 -12 -12 -12 -12 -12 -12 -12 -11 -11 -11 -11 -11 -11 -11 -11 -10 -10 -10 -10 -10 -10 -10 -10 -10 -10 -10 -10 -10 -11 -11 -12 -12 -12 -12 -12 -12 -12 -12 -12 -12
-42 -41 -41 -40 -40 -39 -38 -36 -35 -34 -33 -32 -32 -31 -30 -28 -27 -26 -25 -23 -22 -21 -21 -21 -20 -20 -20 -20 -20 -19 -19 -19 -19 -19 -18 -18 -20 -20 -20 -20 -16 -16 -15 -15 -14 -14 -13 -12 -12 -12 -11 -11 -11 -12 -12 -12 -12 -12 -12 -12 -12 -12 -12 -11 -11 -11 -11 -10 -10 -10 -10 -10 -10 -10 -10 -10 -10 -10 -10 -10 -10 -10 -10 -10 -10 -10 -10 -10 -10 -10 -10 -10 -10 -10 -10 -10
-44 -43 -43 -42 -41 -40 -39 -37 -36 -36 -35 -33 -32 -31 -30 -28 -27 -27 -25 -24 -23 -22 -21 -21 -21 -21 -21 -21 -21 -20 -20 -20 -20 -20 -20 -19 -20 -20 -20 -20 -17 -17 -16 -15 -14 -14 -13 -12 -12 -12 -11 -11 -11 -12 -12 -12 -12 -12 -12 -12 -12 -12 -12 -12 -11 -11 -10 -10 -10 -9 -9 -9 -9 -9 -9 -9 -9 -10 -10 -10 -10 -10 -10 -10 -10 -10 -10 -10 -10 -10 -10 -10 -10 -10 -10 -10
-45 -45 -45 -44 -42 -41 -39 -38 -37 -37 -35 -34 -33 -31 -30 -29 -28 -27 -26 -25 -24 -23 -22 -22 -22 -22 -22 -22 -22 -22 -22 -21 -21 -21 -21 -21 -20 -20 -20 -19 -18 -18 -17 -16 -15 -14 -13 -12 -12 -12 -11 -11 -12 -12 -12 -12 -12 -12 -12 -12 -12 -12 -12 -12 -11 -11 -10 -10 -9 -9 -8 -8 -8 -8 -8 -9 -9 -10 -10 -10 -10 -10 -10 -10 -10 -10 -10 -10 -10 -10 -10 -10 -10 -10 -10 -10
-47 -47 -47 -46 -44 -42 -41 -39 -38 -37 -36 -34 -33 -32 -30 -29 -28 -28 -27 -26 -25 -24 -24 -24 -24 -24 -24 -24 -23 -23 -23 -23 -23 -23 -22 -22 -21 -21 -20 -20 -20 -18 -17 -17 -15 -14 -13 -13 -12 -12 -12 -12 -12 -12 -12 -12 -12 -12 -12 -12 -12 -12 -12 -11 -11 -10 -10 -9 -9 -9 -8 -8 -8 -8 -8 -8 -10 -10 -10 -10 -10 -10 -10 -9 -9 -9 -9 -10 -10 -10 -10 -10 -10 -11 -11 -11
-49 -49 -49 -47 -46 -44 -42 -40 -38 -37 -36 -34 -33 -32 -31 -30 -29 -28 -27 -26 -26 -25 -25 -25 -25 -25 -26 -25 -25 -25 -24 -24 -24 -24 -24 -24 -23 -23 -22 -20 -20 -20 -19 -17 -16 -15 -14 -14 -13 -13 -13 -12 -12 -12 -12 -12 -12 -12 -12 -12 -12 -12 -11 -11 -10 -10 -10 -10 -10 -10 -10 -10 -10 -10 -10 -10 -10 -10 -10 -8 -8 -8 -8 -8 -9 -9 -9 -9 -9 -10 -10 -10 -10 -10 -10 -10
-51 -51 -50 -48 -47 -45 -43 -41 -39 -38 -36 -35 -34 -32 -31 -30 -29 -29 -28 -27 -27 -27 -26 -26 -26 -27 -27 -27 -26 -26 -26 -26 -25 -25 -25 -25 -25 -25 -24 -23 -20 -21 -20 -19 -17 -16 -15 -14 -14 -14 -13 -13 -13 -13 -13 -12 -12 -12 -12 -12 -10 -10 -10 -10 -10 -10 -10 -10 -10 -10 -10 -10 -8 -8 -8 -8 -8 -8 -8 -8 -8 -8 -8 -8 -8 -9 -9 -9 -9 -9 -10 -10 -10 -10 -10 -10
-51 -51 -50 -48 -47 -45 -43 -41 -39 -38 -37 -35 -34 -33 -32 -31 -30 -29 -28 -28 -27 -27 -27 -27 -27 -27 -27 -27 -27 -27 -27 -27 -27 -27 -27 -26 -26 -26 -26 -25 -20 -20 -22 -21 -19 -17 -16 -15 -15 -14 -14 -14 -13 -13 -13 -12 -12 -12 -11 -11 -10 -10 -10 -10 -9 -9 -9 -9 -9 -9 -9 -9 -8 -8 -8 -8 -8 -8 -8 -8 -8 -8 -8 -8 -8 -8 -9 -9 -9 -9 -9 -10 -10 -10 -10 -10
-50 -50 -49 -48 -46 -45 -43 -41 -40 -39 -37 -36 -35 -34 -33 -31 -30 -30 -29 -28 -28 -27 -27 -27 -27 -27 -27 -27 -27 -27 -27 -27 -28 -28 -28 -28 -28 -28 -27 -27 -20 -20 -25 -23 -21 -19 -18 -17 -16 -15 -15 -14 -13 -13 -12 -11 -11 -11 -10 -10 -10 -10 -10 -9 -9 -9 -9 -9 -9 -9 -9 -9 -8 -8 -8 -8 -8 -8 -8 -8 -8 -8 -8 -8 -8 -8 -8 -9 -9 -9 -9 -10 -10 -10 -10 -10
-50 -50 -49 -48 -46 -45 -43 -42 -40 -39 -38 -36 -35 -34 -33 -32 -31 -30 -29 -29 -28 -28 -27 -27 -27 -28 -28 -28 -28 -28 -28 -28 -28 -28 -28 -28 -28 -28 -28 -28 -20 -20 -20 -25 -22 -20 -18 -17 -16 -16 -15 -14 -13 -13 -12 -11 -10 -10 -10 -9 -10 -10 -10 -10 -9 -9 -9 -9 -9 -9 -9 -8 -8 -8 -8 -8 -8 -8 -8 -8 -8 -9 -9 -9 -8 -8 -8 -9 -9 -9 -9 -10 -10 -10 -10 -10
-49 -49 -49 -48 -46 -45 -43 -42 -40 -39 -38 -37 -36 -34 -33 -32 -31 -31 -30 -29 -28 -28 -28 -28 -28 -28 -28 -28 -28 -28 -28 -29 -29 -29 -30 -30 -30 -30 -30 -30 -30 -20 -20 -20 -20 -20 -20 -18 -17 -17 -16 -15 -14 -12 -11 -11 -10 -9 -9 -9 -9 -10 -10 -10 -10 -10 -10 -8 -8 -8 -8 -8 -8 -8 -8 -8 -8 -8 -8 -8 -9 -10 -10 -10 -10 -8 -8 -9 -9 -9 -10 -10 -10 -10 -10 -10
-49 -49 -48 -48 -46 -45 -44 -42 -41 -40 -38 -37 -36 -35 -34 -33 -32 -31 -30 -30 -29 -29 -28 -28 -28 -28 -28 -29 -29 -29 -29 -29 -30 -30 -31 -31 -31 -31 -31 -31 -31 -31 -30 -20 -20 -20 -20 -20 -18 -18 -16 -15 -14 -13 -11 -10 -10 -9 -9 -9 -9 -9 -9 -9 -10 -10 -10 -10 -10 -10 -8 -8 -8 -8 -8 -8 -8 -10 -10 -10 -10 -10 -10 -10 -10 -10 -10 -9 -9 -9 -10 -9 -9 -9 -9 -10
-48 -48 -48 -47 -46 -46 -44 -43 -41 -40 -39 -38 -37 -36 -35 -33 -32 -32 -31 -30 -30 -29 -29 -29 -29 -29 -29 -29 -29 -29 -30 -30 -31 -31 -31 -32 -32 -33 -33 -32 -32 -31 -30 -28 -27 -25 -20 -20 -20 -19 -17 -16 -14 -13 -11 -11 -10 -10 -10 -10 -10 -9 -9 -9 -9 -8 -8 -10 -10 -10 -10 -8 -8 -8 -8 -8 -10 -10 -10 -8 -9 -9 -9 -9 -10 -10 -10 -9 -9 -9 -10 -9 -9 -9 -9 -9
-47 -47 -47 -47 -46 -46 -45 -43 -42 -41 -40 -38 -37 -36 -35 -34 -33 -32 -32 -31 -30 -30 -30 -30 -30 -30 -30 -30 -30 -30 -30 -31 -31 -32 -32 -33 -33 -34 -34 -33 -32 -32 -31 -29 -28 -26 -24 -22 -20 -20 -20 -20 -15 -13 -12 -12 -11 -11 -11 -11 -10 -10 -10 -9 -9 -9 -8 -8 -8 -8 -10 -10 -8 -8 -8 -8 -10 -8 -8 -8 -9 -9 -10 -10 -10 -10 -10 -9 -9 -10 -9 -9 -9 -8 -8 -9
-47 -47 -46 -46 -46 -45 -44 -43 -42 -41 -40 -39 -38 -37 -36 -35 -34 -33 -32 -31 -31 -31 -30 -30 -31 -31 -31 -31 -31 -31 -32 -32 -32 -32 -33 -33 -34 -34 -34 -34 -33 -33 -32 -30 -29 -27 -25 -23 -20 -20 -20 -20 -16 -15 -14 -13 -13 -13 -12 -12 -11 -11 -10 -10 -9 -9 -9 -9 -9 -9 -10 -10 -8 -8 -8 -8 -10 -8 -8 -9 -9 -9 -10 -10 -10 -10 -10 -9 -9 -9 -9 -9 -8 -8 -8 -8
-46 -46 -46 -45 -45 -44 -44 -43 -42 -42 -41 -40 -39 -37 -36 -35 -34 -34 -33 -32 -32 -31 -31 -31 -32 -32 -32 -32 -32 -33 -33 -33 -33 -33 -34 -34 -34 -34 -34 -34 -34 -34 -32 -32 -32 -28 -26 -24 -23 -20 -20 -20 -20 -16 -15 -15 -14 -14 -13 -13 -12 -12 -11 -11 -10 -10 -9 -9 -9 -9 -9 -10 -8 -8 -8 -10 -10 -9 -9 -9 -10 -10 -10 -10 -10 -10 -10 -9 -9 -9 -8 -8 -8 -8 -8 -8
-45 -45 -45 -45 -44 -44 -43 -43 -42 -42 -41 -40 -39 -38 -37 -36 -35 -34 -33 -33 -32 -32 -32 -32 -33 -33 -33 -33 -34 -34 -34 -34 -34 -34 -34 -34 -34 -34 -34 -33 -34 -34 -34 -33 -31 -29 -27 -25 -24 -23 -21 -20 -20 -20 -16 -16 -15 -15 -14 -14 -13 -12 -12 -11 -11 -10 -10 -10 -10 -10 -10 -10 -10 -10 -10 -10 -10 -9 -10 -11 -10 -10 -10 -10 -10 -9 -9 -9 -8 -8 -8 -8 -8 -8 -8 -8
-45 -45 -45 -45 -44 -44 -43 -43 -42 -42 -41 -40 -39 -38 -37 -36 -35 -35 -34 -33 -33 -32 -32 -33 -33 -33 -34 -34 -34 -34 -34 -34 -34 -34 -34 -34 -34 -34 -34 -34 -34 -34 -34 -33 -31 -30 -28 -26 -24 -23 -22 -20 -20 -20 -17 -16 -16 -15 -15 -14 -13 -13 -12 -11 -11 -11 -10 -10 -11 -11 -11 -10 -10 -10 -10 -10 -9 -10 -10 -10 -10 -10 -10 -10 -10 -10 -10 -10 -10 -8 -8 -7 -7 -8 -8 -8
-45 -45 -45 -45 -44 -44 -43 -43 -42 -42 -41 -40 -40 -39 -38 -37 -36 -36 -35 -35 -34 -34 -34 -34 -34 -34 -34 -34 -35 -35 -35 -35 -35 -35 -35 -35 -35 -34 -34 -34 -34 -34 -33 -32 -31 -30 -29 -27 -25 -25 -23 -22 -20 -20 -20 -18 -17 -17 -16 -15 -14 -13 -12 -12 -11 -11 -11 -13 -11 -12 -12 -11 -11 -10 -9 -9 -10 -10 -10 -10 -9 -9 -9 -9 -9 -9 -8 -10 -10 -7 -7 -7 -7 -7 -7 -7
-45 -45 -45 -45 -44 -44 -43 -43 -42 -42 -41 -41 -40 -39 -39 -38 -37 -37 -36 -36 -35 -35 -35 -35 -35 -35 -35 -35 -35 -35 -35 -35 -35 -35 -35 -35 -35 -35 -34 -34 -34 -33 -33 -32 -32 -31 -30 -28 -27 -26 -24 -23 -22 -21 -20 -20 -20 -20 -17 -16 -15 -14 -13 -12 -12 -11 -11 -13 -12 -13 -13 -12 -11 -10 -9 -9 -9 -10 -10 -9 -9 -8 -8 -10 -10 -10 -10 -10 -7 -7 -6 -6 -6 -6 -6 -6
-44 -44 -45 -45 -44 -44 -44 -43 -43 -42 -42 -41 -41 -40 -40 -39 -39 -38 -38 -37 -37 -36 -36 -36 -36 -36 -36 -36 -36 -36 -35 -35 -36 -36 -36 -35 -35 -35 -34 -34 -34 -34 -33 -33 -32 -31 -30 -29 -28 -27 -26 -24 -23 -22 -20 -20 -20 -20 -19 -18 -16 -15 -14 -13 -12 -12 -11 -11 -12 -12 -12 -11 -10 -10 -9 -8 -9 -9 -9 -8 -8 -8 -7 -10 -10 -10 -10 -10 -7 -7 -6 -6 -6 -6 -6 -6
-43 -44 -44 -44 -44 -45 -44 -44 -43 -43 -43 -42 -41 -41 -40 -40 -40 -40 -39 -39 -38 -37 -37 -37 -37 -37 -37 -37 -36 -36 -35 -35 -35 -35 -35 -35 -35 -35 -35 -35 -34 -34 -33 -33 -32 -32 -31 -30 -29 -28 -27 -26 -24 -23 -23 -20 -20 -20 -20 -20 -18 -18 -15 -13 -12 -11 -11 -11 -11 -11 -11 -10 -9 -8 -7 -10 -10 -10 -10 -10 -10 -10 -10 -10 -10 -10 -7 -7 -6 -6 -5 -5 -5 -5 -5 -5
-43 -43 -44 -44 -45 -45 -45 -45 -44 -44 -43 -43 -42 -42 -41 -41 -41 -41 -40 -40 -39 -39 -39 -39 -39 -39 -38 -38 -37 -36 -35 -35 -35 -35 -35 -35 -36 -36 -35 -35 -34 -34 -34 -33 -33 -32 -31 -30 -29 -29 -28 -27 -25 -25 -24 -24 -24 -24 -20 -20 -18 -18 -16 -14 -12 -11 -11 -11 -11 -10 -10 -10 -10 -10 -10 -10 -10 -10 -10 -10 -10 -10 -6 -6 -7 -7 -7 -6 -6 -5 -5 -4 -4 -4 -4 -5
-43 -44 -44 -45 -45 -45 -45 -45 -45 -45 -44 -44 -43 -43 -42 -42 -42 -42 -42 -41 -41 -40 -40 -40 -40 -39 -39 -38 -37 -37 -36 -36 -36 -36 -36 -35 -35 -35 -35 -35 -34 -34 -34 -33 -33 -32 -31 -31 -30 -29 -28 -27 -26 -26 -25 -25 -25 -25 -24 -20 -18 -18 -20 -20 -14 -13 -12 -10 -10 -10 -10 -11 -9 -9 -8 -7 -7 -7 -6 -6 -6 -6 -6 -6 -6 -6 -6 -6 -5 -5 -4 -4 -4 -4 -4 -5
-44 -44 -45 -45 -45 -45 -45 -45 -45 -45 -45 -45 -44 -44 -44 -43 -43 -43 -43 -42 -42 -42 -41 -41 -41 -40 -40 -39 -38 -37 -37 -36 -36 -36 -35 -35 -35 -35 -35 -35 -34 -34 -34 -33 -33 -32 -31 -31 -30 -30 -29 -28 -27 -26 -26 -26 -25 -25 -25 -24 -22 -20 -20 -20 -20 -20 -15 -10 -10 -10 -10 -12 -9 -9 -9 -8 -8 -8 -7 -7 -6 -5 -5 -5 -5 -5 -5 -5 -4 -4 -4 -4 -4 -4 -4 -5
-44 -45 -45 -45 -46 -46 -46 -46 -46 -45 -45 -45 -45 -45 -44 -44 -44 -43 -43 -43 -42 -42 -42 -41 -41 -41 -40 -39 -38 -38 -37 -36 -36 -36 -35 -35 -35 -35 -35 -35 -34 -34 -34 -33 -33 -32 -31 -31 -30 -30 -29 -28 -27 -27 -26 -26 -26 -26 -25 -24 -23 -22 -21 -19 -20 -20 -20 -20 -20 -10 -10 -10 -9 -9 -10 -10 -10 -10 -10 -10 -10 -10 -10 -4 -4 -4 -4 -4 -4 -4 -4 -4 -4 -4 -4 -5
-45 -45 -46 -46 -46 -46 -46 -46 -46 -46 -46 -46 -46 -46 -46 -45 -45 -44 -44 -44 -44 -43 -43 -43 -42 -42 -41 -40 -39 -38 -37 -37 -36 -36 -35 -35 -35 -35 -35 -35 -34 -34 -34 -33 -33 -32 -32 -31 -31 -30 -30 -29 -28 -27 -27 -27 -26 -26 -26 -26 -25 -24 -23 -22 -20 -20 -20 -20 -20 -10 -10 -10 -9 -10 -10 -10 -10 -10 -10 -10 -10 -10 -10 -4 -4 -4 -4 -4 -4 -4 -4 -4 -4 -4 -4 -5
-46 -46 -47 -47 -47 -47 -47 -47 -47 -47 -47 -47 -47 -47 -47 -46 -46 -46 -45 -45 -45 -44 -44 -43 -42 -42 -41 -40 -39 -39 -38 -37 -36 -36 -35 -35 -34 -34 -34 -34 -34 -34 -34 -33 -33 -33 -32 -32 -31 -31 -30 -29 -29 -28 -28 -28 -28 -28 -27 -27 -27 -27 -26 -26 -25 -25 -24 -20 -20 -20 -20 -20 -19 -18 -16 -16 -15 -14 -13 -10 -10 -10 -10 -10 -5 -5 -5 -6 -6 -6 -6 -5 -5 -5 -5 -6
-47 -47 -47 -48 -48 -48 -48 -48 -48 -48 -48 -48 -48 -48 -48 -47 -47 -47 -47 -46 -46 -45 -45 -44 -43 -42 -41 -41 -40 -39 -38 -37 -36 -36 -35 -35 -34 -34 -34 -34 -34 -34 -34 -34 -34 -33 -33 -32 -31 -31 -30 -30 -29 -29 -29 -29 -29 -29 -29 -29 -29 -30 -30 -30 -30 -30 -30 -30 -29 -29 -20 -20 -20 -20 -20 -20 -20 -20 -20 -20 -20 -13 -13 -10 -8 -7 -8 -10 -10 -10 -10 -10 -10 -10 -10 -10
-48 -48 -48 -49 -49 -49 -49 -49 -49 -49 -49 -49 -49 -49 -49 -49 -48 -48 -48 -47 -47 -46 -45 -44 -43 -43 -42 -41 -40 -40 -39 -38 -37 -36 -35 -35 -34 -34 -34 -34 -34 -35 -35 -34 -34 -34 -33 -32 -31 -31 -30 -30 -30 -30 -30 -30 -30 -31 -31 -31 -32 -33 -33 -34 -34 -35 -35 -35 -35 -35 -34 -33 -32 -31 -30 -28 -27 -20 -20 -13 -20 -13 -13 -13 -10 -10 -10 -10 -20 -20 -10 -10 -10 -10 -18 -20
-50 -50 -50 -50 -50 -50 -50 -51 -51 -51 -51 -51 -51 -50 -50 -50 -49 -49 -49 -48 -48 -47 -46 -45 -44 -43 -42 -41 -41 -40 -39 -38 -37 -37 -36 -35 -35 -35 -34 -34 -34 -34 -34 -34 -34 -34 -33 -33 -32 -31 -31 -31 -31 -31 -31 -32 -32 -32 -33 -34 -35 -36 -37 -38 -38 -39 -40 -40 -41 -41 -40 -39 -37 -36 -35 -33 -32 -31 -30 -28 -26 -25 -20 -20 -16 -17 -17 -20 -20 -20 -20 -15 -13 -20 -20 -11
-51 -51 -51 -51 -51 -52 -52 -52 -53 -53 -53 -53 -52 -52 -51 -51 -50 -50 -50 -49 -48 -48 -47 -46 -45 -44 -43 -42 -41 -40 -39 -38 -38 -37 -37 -36 -35 -35 -35 -34 -34 -34 -34 -34 -34 -33 -33 -33 -32 -32 -31 -31 -31 -32 -32 -33 -34 -34 -35 -36 -38 -39 -40 -41 -42 -43 -44 -45 -46 -47 -46 -44 -42 -41 -39 -38 -36 -36 -35 -33 -32 -32 -33 -34 -36 -40 -43 -40 -33 -30 -20 -20 -16 -20 -14 -13
-52 -52 -52 -52 -53 -53 -53 -53 -54 -54 -54 -54 -53 -53 -53 -52 -52 -51 -51 -50 -49 -49 -48 -47 -45 -45 -44 -43 -41 -40 -39 -39 -38 -38 -37 -36 -36 -35 -35 -34 -34 -34 -33 -33 -33 -33 -33 -33 -33 -32 -32 -32 -33 -33 -33 -34 -35 -36 -37 -38 -40 -42 -43 -44 -45 -46 -47 -49 -50 -51 -51 -48 -46 -44 -43 -41 -40 -39 -38 -38 -38 -38 -39 -40 -43 -47 -48 -43 -37 -35 -20 -20 -20 -20 -17 -16
-53 -53 -53 -53 -53 -53 -54 -54 -54 -54 -54 -54 -54 -54 -53 -53 -52 -52 -51 -50 -50 -49 -48 -47 -46 -45 -44 -43 -42 -41 -40 -39 -38 -38 -37 -36 -36 -35 -35 -34 -34 -34 -33 -33 -33 -33 -33 -33 -33 -33 -33 -33 -33 -34 -34 -35 -36 -37 -38 -39 -41 -43 -44 -45 -46 -47 -48 -50 -51 -52 -51 -49 -47 -46 -44 -43 -41 -41 -40 -39 -39 -40 -40 -42 -44 -47 -47 -43 -38 -36 -20 -20 -20 -20 -19 -18
-53 -53 -54 -54 -54 -55 -55 -55 -55 -54 -54 -55 -55 -55 -55 -54 -54 -53 -53 -52 -51 -50 -49 -48 -46 -46 -45 -44 -42 -41 -40 -39 -38 -38 -37 -36 -36 -35 -35 -34 -34 -34 -33 -33 -33 -33 -34 -34 -34 -34 -34 -35 -35 -36 -36 -37 -38 -38 -39 -41 -43 -45 -46 -47 -48 -48 -49 -50 -51 -52 -52 -50 -48 -48 -46 -45 -44 -43 -42 -42 -42 -42 -42 -43 -44 -45 -44 -42 -39 -37 -33 -30 -27 -24 -22 -20
-54 -54 -54 -55 -55 -56 -56 -56 -55 -55 -55 -55 -56 -56 -56 -55 -55 -55 -54 -53 -52 -51 -50 -48 -47 -47 -45 -44 -43 -42 -41 -39 -38 -38 -37 -36 -36 -35 -35 -34 -34 -34 -33 -33 -33 -34 -34 -34 -35 -35 -36 -36 -37 -37 -38 -38 -39 -39 -41 -42 -47 -46 -47 -48 -48 -48 -49 -50 -51 -52 -52 -51 -49 -49 -48 -46 -45 -45 -44 -43 -43 -43 -43 -44 -44 -44 -44 -42 -39 -38 -35 -32 -29 -26 -24 -23
