GEBCO/GEBCO_06_Apr_2023_eb7889e085b8/gebco_2022_n38.0_s35.0_w123.0_e127.0.asc
ncols        960
nrows        720
xllcorner    123.000000000000
yllcorner    35.000000000000
cellsize     0.004166666667
NODATA_value -32767
[rows 168 to 209 of 720, columns 864 to 959 of 960]
-11 -11 -11 -11 -10 -10 -9 -9 -8 -8 -7 -6 -6 -5 -5 -5 -5 -5 -6 -7 -9 -10 -11 -12 -13 -14 -15 -16 -17 -17 -15 -8 -1 5 10 6 -1 -1 -3 -4 -4 -4 -4 -5 -5 -5 12 14 2 6 8 8 8 8 9 15 14 16 24 30 38 34 25 29 31 34 53 68 38 19 17 48 63 72 53 42 40 38 37 47 57 50 42 37 43 48 58 62 58 58 58 51 49 54 57 53
-12 -12 -12 -11 -11 -11 -10 -9 -8 -8 -7 -6 -6 -5 -5 -4 -4 -5 -5 -6 -7 -9 -10 -11 -12 -13 -14 -15 -16 -17 -14 -8 -2 3 10 1 -2 -8 -11 -12 -12 -12 -16 -16 -17 -19 -15 -8 -2 2 6 8 7 7 9 10 15 17 28 43 33 25 25 26 22 27 31 39 17 14 28 61 100 110 80 61 51 61 50 54 57 53 43 38 40 44 47 49 55 53 55 50 48 53 54 55
-12 -12 -12 -12 -12 -11 -11 -10 -9 -8 -7 -7 -6 -5 -4 -3 -2 -2 -3 -4 -5 -7 -9 -10 -11 -12 -13 -14 -16 -17 -15 -10 -3 -1 -1 -1 -8 -16 -21 -20 -21 -22 -22 -22 -22 -23 -20 -12 -4 -1 6 8 8 8 10 20 33 51 39 35 28 20 24 18 19 17 12 10 11 34 82 93 98 97 81 78 71 69 70 86 62 48 44 37 36 37 38 43 49 46 50 47 44 47 49 57
-12 -13 -13 -13 -12 -12 -11 -10 -9 -9 -8 -7 -6 -5 -3 -1 -1 -1 1 -1 -2 -5 -8 -9 -10 -11 -12 -14 -15 -16 -14 -13 20 32 19 -2 -13 -19 -23 -23 -24 -25 -25 -25 -25 -25 -21 -13 -5 -1 25 9 9 9 11 11 25 37 36 22 20 18 21 11 9 8 7 7 12 37 74 60 49 47 61 83 93 88 116 115 64 51 47 41 36 34 35 39 46 47 56 51 45 43 50 66
-12 -13 -13 -13 -12 -12 -11 -10 -10 -9 -9 -8 -6 -5 -2 -1 -1 1 38 26 -1 -4 -7 -9 -10 -10 -12 -13 -14 -15 -15 -13 -7 -2 -2 -6 -17 -22 -24 -24 -24 -25 -25 -25 -25 -25 -21 -13 -5 19 14 10 11 11 12 13 9 10 10 10 12 13 9 6 5 5 8 13 20 29 30 36 55 53 52 70 84 89 129 102 58 49 44 43 42 35 33 35 37 43 59 65 60 41 47 53
-11 -12 -13 -12 -12 -12 -11 -10 -10 -10 -9 -8 -7 -5 -3 -1 -1 37 47 1 -1 -3 -7 -8 -9 -10 -11 -13 -14 -15 -16 -16 -10 -7 -7 -12 -18 -22 -23 -23 -24 -24 -24 -24 -24 -24 -20 -12 -3 19 19 21 13 13 13 13 13 12 7 10 7 6 6 6 6 6 11 22 18 19 33 56 92 87 78 91 88 71 123 108 66 52 49 47 46 38 32 32 36 45 52 56 45 36 39 47
-6 -7 -9 -9 -10 -10 -10 -10 -10 -9 -9 -8 -7 -6 -3 -1 -1 1 7 2 -1 -1 -4 -5 -7 -8 -10 -11 -13 -15 -16 -16 -18 -19 -19 -19 -18 -19 -20 -20 -21 -21 -21 -20 -19 -17 -11 -5 2 10 12 25 40 39 15 14 13 10 7 7 9 6 6 15 27 30 19 17 16 21 33 54 73 79 81 110 81 61 105 89 66 54 45 40 38 38 34 31 32 41 48 47 39 32 33 43
6 2 -3 -5 -7 -8 -9 -9 -9 -9 -9 -8 -7 -6 -5 -2 -1 -1 -1 -1 -1 -1 -1 -1 -4 -5 -8 -10 -12 -14 -16 -17 -17 -17 -17 -16 -14 -13 -13 -12 -14 -17 -18 -16 -12 -3 -1 35 8 12 8 12 19 30 26 17 15 12 10 9 7 6 6 10 14 24 26 26 33 31 34 43 52 61 62 93 58 51 99 107 70 55 47 47 49 49 42 30 30 36 42 47 41 33 33 37
15 11 6 -1 -4 -7 -9 -9 -9 -9 -9 -9 -8 -8 -7 -6 -5 -5 -3 -1 3 10 7 3 -1 -2 -5 -8 -11 -14 -16 -17 -17 -18 -17 -13 -8 6 -5 -3 -10 -14 -18 -13 -6 8 24 43 26 16 8 8 11 16 26 26 20 16 14 12 5 6 6 6 7 7 8 13 18 27 41 67 69 49 40 60 41 64 112 145 99 65 52 46 41 38 35 31 29 31 36 44 39 34 33 35
20 28 13 5 -1 -5 -8 -8 -9 -9 -9 -9 -9 -9 -8 -7 -7 -7 -2 -1 15 33 54 40 8 4 -1 -4 -7 -12 -14 -14 -15 -15 -15 -11 -5 -6 -9 11 -14 -16 -20 -13 -3 8 18 27 22 25 31 23 16 24 27 44 52 36 20 16 13 16 14 6 5 6 6 6 10 23 30 50 58 35 37 45 30 61 119 171 155 106 85 68 52 43 41 34 28 29 32 38 37 30 31 32
26 20 30 21 -1 -1 -5 -6 -7 -7 -8 -8 -9 -9 -8 -6 -4 -1 12 8 15 29 61 55 41 28 44 8 -1 -3 -7 -7 -7 -8 -8 -9 -11 -16 -19 -17 -18 -18 -20 -14 -5 6 11 19 35 45 42 33 23 31 39 58 71 38 20 7 18 32 24 14 10 8 7 6 7 8 14 20 34 26 39 37 23 42 63 105 161 155 130 94 62 46 41 33 27 26 29 31 36 31 30 30
35 19 13 9 4 -2 -5 -5 -6 -6 -7 -8 -9 -9 -7 -4 -1 1 6 11 6 8 13 23 31 44 61 30 14 13 9 -1 -1 7 10 15 14 14 -31 -23 -24 -26 -25 -17 -8 2 11 17 25 33 35 30 35 46 59 63 59 36 11 9 19 23 32 24 15 17 19 10 10 7 9 9 10 11 20 23 27 28 29 53 95 104 77 58 50 45 42 36 27 26 29 31 31 28 29 29
62 63 39 15 13 -1 -3 -4 -5 -6 -5 -6 19 -8 -4 -1 2 8 13 17 11 7 13 19 43 68 87 44 14 8 6 6 7 9 11 12 8 9 8 -14 -19 -28 -29 -22 -11 -1 10 13 21 18 16 16 23 30 43 35 35 22 8 8 24 38 41 35 19 15 25 16 19 14 18 28 15 10 11 14 19 14 16 24 49 56 48 42 40 47 41 36 29 26 27 29 30 27 26 27
37 67 71 41 13 2 -1 -1 -3 -3 -4 -4 20 -1 -1 12 8 13 18 40 43 23 11 16 30 34 28 17 9 6 6 7 12 16 14 13 14 12 8 -2 -12 -26 -28 -18 -8 11 9 16 19 18 30 23 28 39 40 26 15 14 16 9 12 27 38 46 33 23 23 24 29 20 17 32 42 42 33 31 38 23 16 16 17 19 20 24 33 52 50 41 33 25 25 24 24 25 26 26
18 32 30 26 21 23 1 -1 -1 -2 -2 -1 11 5 7 16 16 22 25 31 44 37 27 31 29 35 32 27 9 6 9 10 14 18 10 7 10 10 8 -12 -10 -25 -22 -16 8 12 14 19 19 20 35 49 59 59 52 37 24 36 39 26 12 13 23 38 48 35 30 32 36 29 29 27 32 50 68 77 61 44 23 23 20 19 19 20 29 40 42 38 36 28 25 23 23 25 25 25
10 14 14 16 12 9 7 4 -1 -1 -1 -1 5 12 10 7 15 19 15 18 20 25 39 36 49 39 32 16 11 13 19 21 23 17 10 12 8 10 11 7 -7 -20 -20 -13 6 6 8 15 26 38 54 68 86 77 73 50 41 61 56 28 31 31 16 19 23 30 44 54 74 50 52 53 45 51 64 74 58 38 31 31 27 24 23 19 22 29 31 38 40 35 30 25 23 23 23 23
5 6 7 8 14 11 14 41 38 7 6 5 4 4 5 7 15 8 13 16 10 12 19 20 37 38 19 23 26 24 21 15 14 13 13 11 20 17 10 7 -2 -1 -11 7 10 13 9 17 25 26 35 66 79 64 57 53 73 79 63 53 67 52 32 39 44 39 42 61 89 83 91 82 72 95 83 69 57 41 46 46 28 27 26 27 22 24 32 44 46 49 60 50 29 24 22 21
10 9 10 9 9 10 12 16 29 57 40 9 1 -6 -3 2 7 12 6 5 7 11 17 23 36 40 25 34 23 18 20 15 9 7 8 7 16 19 10 6 6 -1 8 2 16 24 12 17 38 46 45 49 51 42 48 50 62 57 62 72 75 42 41 51 44 49 53 88 128 148 124 81 87 130 144 109 77 53 48 40 33 34 31 31 28 26 25 33 42 44 45 46 33 28 27 23
9 5 7 6 5 5 6 9 22 38 67 46 -2 -10 -7 -1 5 11 19 37 30 23 12 8 14 16 19 40 30 19 13 9 8 24 42 19 12 8 6 9 9 6 9 15 24 24 25 30 25 30 44 40 36 30 46 41 42 45 49 66 68 48 40 54 73 72 81 106 92 105 134 123 112 168 206 192 126 68 55 62 51 39 41 36 34 29 29 32 35 42 39 31 30 37 43 39
7 9 5 3 -1 -1 -1 10 11 14 39 40 -5 -15 -11 -3 4 14 22 48 37 12 14 17 17 13 20 45 43 26 17 10 15 40 64 42 29 14 10 11 10 7 9 19 16 21 33 40 48 50 46 37 24 34 51 31 32 37 45 62 72 74 67 65 67 71 89 118 100 104 150 178 188 191 195 167 152 104 90 96 67 48 52 50 44 46 39 35 45 53 43 41 40 52 61 64
6 7 8 -1 -1 -3 -3 -1 4 9 32 35 -6 -11 -9 -2 12 8 15 44 50 11 13 17 8 6 16 41 59 39 22 17 16 18 20 23 17 14 10 11 10 7 8 8 11 23 37 62 60 67 44 30 29 42 41 32 58 65 67 73 61 70 76 65 76 77 95 114 81 103 156 190 165 165 159 155 176 164 140 156 104 83 72 81 75 74 57 51 58 63 50 48 53 64 68 57
2 2 9 12 -2 -6 -5 -1 -1 6 7 2 9 -9 -5 -1 18 21 24 15 13 11 13 4 5 12 25 47 42 34 24 17 26 14 11 9 12 12 8 8 8 8 13 15 21 31 52 70 42 34 22 16 21 23 28 35 59 75 84 125 105 65 82 100 96 77 57 61 52 70 83 90 85 124 141 129 124 133 133 156 158 138 101 111 95 69 57 64 92 85 58 52 41 45 46 44
-1 -1 -1 -1 -4 -7 -7 -3 -1 5 20 4 -3 -8 -5 -1 19 50 37 7 11 10 14 20 10 11 18 46 54 31 25 35 37 28 38 22 11 7 6 7 10 10 15 19 30 43 56 47 22 14 17 30 32 26 43 52 47 73 112 151 112 85 90 101 87 46 34 41 49 44 50 54 71 119 141 157 127 102 110 120 134 131 108 112 72 58 62 50 83 87 69 60 44 35 30 30
-3 -3 -2 -3 -6 -7 -6 -4 -1 6 16 9 2 -1 -1 3 8 24 16 14 12 11 16 13 16 19 34 80 78 39 60 65 46 41 30 19 30 16 10 6 7 12 24 32 42 59 65 32 14 30 39 54 57 32 36 65 78 79 100 123 101 124 119 91 65 36 25 36 33 30 35 49 69 128 122 109 92 98 109 136 114 100 86 95 66 50 54 49 56 53 50 48 53 43 30 25
-5 -6 -6 -7 -8 -8 -7 -4 -1 8 27 23 6 5 4 6 10 13 14 16 22 16 13 20 36 47 85 110 69 47 83 91 63 46 39 27 23 17 11 7 12 18 25 44 69 49 40 15 16 55 90 80 75 52 47 53 83 103 79 67 75 84 73 57 54 32 21 20 23 35 42 56 80 111 90 82 108 111 156 179 106 77 83 101 78 71 57 41 36 33 34 46 58 49 41 33
-7 -7 -8 -8 -9 -10 -8 -5 -1 4 12 10 5 5 6 8 13 16 19 22 48 38 34 43 58 87 99 76 73 51 61 71 44 33 26 29 36 35 19 14 25 33 48 50 43 25 22 10 39 79 67 71 52 42 73 82 81 81 62 53 89 104 115 73 37 24 18 17 28 55 79 84 74 75 80 116 179 193 176 167 96 70 76 102 130 113 78 68 55 33 33 57 85 71 72 57
-6 -6 -7 -8 -9 -9 -8 -6 -3 1 -1 1 2 3 4 11 7 7 13 17 34 25 28 49 76 100 66 42 69 51 45 68 62 39 33 25 23 26 19 23 31 39 37 27 17 18 10 13 39 45 47 51 42 32 51 67 83 58 35 44 67 71 90 59 32 20 13 17 31 81 100 100 91 71 87 137 224 214 135 104 75 62 70 101 164 158 103 108 76 40 29 45 75 49 36 55
-5 -6 -7 -7 -4 -1 -7 -7 -4 -1 -8 -5 -1 2 7 12 14 24 21 38 58 39 59 84 93 56 28 51 68 41 31 35 52 56 30 22 12 14 19 30 37 28 29 24 12 7 6 9 15 23 31 24 21 30 51 63 57 47 26 49 54 61 56 33 19 13 15 30 28 45 75 102 86 58 85 126 177 170 118 106 74 56 62 79 98 107 73 83 65 36 25 36 46 35 25 35
-7 -7 -6 -7 -7 -4 -5 -5 -6 -1 -5 -4 -1 2 7 15 30 44 51 58 59 41 69 58 37 19 23 55 68 60 64 43 24 30 24 11 12 7 18 23 21 16 36 30 9 5 14 6 6 9 12 15 18 31 55 52 30 34 20 29 40 48 62 29 10 12 33 52 38 41 78 111 83 56 68 89 152 176 125 92 66 51 61 82 99 67 48 45 50 38 24 26 31 21 17 15
-11 -11 -6 -7 -4 14 -1 -4 -6 -1 -5 -4 -1 2 7 10 29 49 58 45 23 14 40 30 13 17 44 63 97 97 102 56 22 15 19 18 10 5 10 10 9 8 15 13 7 6 13 16 24 21 24 33 28 36 46 50 34 22 19 47 49 32 36 13 8 15 30 42 50 46 68 108 101 64 53 83 132 149 108 65 52 51 61 73 111 89 54 39 32 35 23 24 32 17 15 14
-8 -8 -6 -4 13 22 18 9 -2 -3 -5 -4 -1 13 15 15 25 30 26 11 7 8 13 9 11 23 41 45 69 73 63 46 34 26 17 14 9 6 8 7 6 5 11 16 17 6 10 15 20 29 38 42 25 23 28 26 33 22 20 33 33 16 9 7 19 23 22 30 44 63 66 77 78 68 47 53 77 81 67 47 47 66 87 72 78 110 75 52 38 24 19 24 24 16 14 16
-5 -7 -5 -2 13 20 11 2 -1 -4 -6 -4 -1 5 21 33 37 36 23 7 5 5 6 6 9 14 18 26 38 34 48 36 40 37 21 9 5 5 10 8 5 5 7 9 3 6 10 17 20 26 46 38 25 11 10 14 22 11 19 18 16 7 6 11 17 22 26 30 41 60 59 54 61 58 61 76 67 54 44 46 50 66 97 99 66 58 55 47 30 21 20 18 17 15 15 14
-3 -4 -3 1 10 8 5 1 -1 -3 -4 -3 -1 5 8 10 11 8 7 6 5 4 7 16 10 14 25 43 42 27 28 29 21 18 12 7 4 -1 9 -5 -6 -6 -4 -3 -1 5 10 13 10 24 33 20 13 10 6 11 21 8 9 6 4 5 21 33 31 29 30 29 30 50 60 50 48 41 64 93 67 40 41 49 61 91 144 145 88 66 47 34 27 33 28 22 18 15 14 13
-1 -2 -2 -1 8 2 2 -1 -2 -3 -4 -2 -1 5 15 8 6 6 5 -12 5 5 8 10 9 19 30 33 29 32 21 9 9 9 6 4 4 -2 -10 -11 -12 -12 -11 -7 -1 5 9 10 22 32 18 10 10 11 5 6 11 6 5 6 13 18 23 28 34 28 21 18 24 39 61 43 41 32 33 41 40 44 54 55 90 118 169 176 133 126 76 38 36 48 41 32 21 14 13 13
-2 -2 -1 -1 -1 1 -1 -1 -3 -4 -4 -1 -1 23 20 13 -4 -9 -11 -7 -1 5 8 6 11 26 19 24 21 11 25 24 45 39 7 -1 -6 -8 -13 -17 -17 -17 -16 -10 -3 2 6 15 18 14 9 7 7 6 5 5 5 4 4 9 15 11 14 21 23 15 16 20 27 42 54 30 26 27 41 60 69 51 42 44 69 88 149 160 136 138 73 42 49 66 50 34 24 17 13 12
-2 -2 -1 -1 -1 -1 -1 -1 -2 -3 -4 -2 16 15 -1 -1 -1 -1 -1 -1 4 8 11 8 18 31 19 14 11 7 14 19 26 24 4 -1 -5 -8 -11 -13 -13 -14 -12 -7 12 15 12 11 7 7 8 5 4 3 4 4 3 3 3 4 4 7 14 13 13 20 25 46 64 56 39 23 35 62 66 61 57 39 37 41 46 57 121 152 105 78 55 47 37 34 29 22 21 17 13 12
-5 -5 -5 -3 -1 -1 -1 -2 -2 -2 -2 -2 -1 -3 -2 -1 3 5 7 9 10 15 14 9 12 22 14 5 5 5 4 4 6 4 1 -1 -3 -4 -6 -5 -1 -1 -1 -1 7 -2 -1 4 10 4 4 4 5 6 14 11 23 14 4 3 4 4 5 9 21 25 31 61 90 59 27 27 73 85 57 41 45 28 32 41 43 51 94 129 122 87 70 60 44 49 43 33 22 15 12 12
-6 -5 -6 -8 -3 -1 -1 -2 -1 -2 -2 -3 -5 -6 -4 2 8 14 19 10 20 41 33 21 24 35 30 21 15 7 4 3 2 1 -1 -1 -1 -1 -2 -1 -2 -1 -2 -2 -1 -1 1 5 10 5 4 5 13 13 17 21 27 25 10 4 4 5 9 20 14 18 31 59 90 50 25 37 62 52 34 29 28 27 34 42 46 77 129 119 86 86 83 74 69 76 66 60 49 35 16 12
-6 -6 -7 -8 -7 -6 -3 -3 -1 -1 -1 -3 -4 -4 -2 4 13 21 29 30 38 29 37 39 29 62 85 58 31 15 9 -1 -1 -1 -3 -2 -4 -4 -3 -1 -3 1 3 1 -1 -1 2 5 10 14 17 10 7 17 24 15 20 25 20 9 6 13 14 20 33 43 39 55 58 47 36 29 24 24 26 22 23 33 37 44 54 71 97 92 67 69 69 75 73 60 51 60 50 35 26 13
-6 -6 -4 -6 -6 -5 -6 -6 -6 -3 -3 -2 -3 -2 -1 6 14 23 13 24 31 22 37 29 19 38 54 42 32 15 -3 -3 -2 -1 -1 -2 -1 -1 -1 2 3 4 4 3 2 1 3 6 9 11 14 12 4 13 33 26 28 31 24 14 24 22 26 31 52 68 56 50 45 50 60 42 26 17 21 19 24 27 32 44 59 72 85 77 57 61 66 89 99 70 44 40 40 27 26 21
-3 -3 -1 -1 -3 -6 -7 -7 -7 -6 -5 -3 -2 -2 1 6 13 21 29 13 10 14 18 33 23 13 26 18 18 -3 -6 -6 -2 -1 1 2 2 1 4 6 6 6 6 5 6 4 6 8 9 10 14 22 11 6 11 19 18 24 28 33 47 49 42 47 66 88 66 48 31 44 47 25 16 15 18 22 28 34 42 44 59 95 80 58 51 61 66 72 71 69 51 28 36 33 23 14
-3 -3 -1 -1 -3 -6 -7 -7 -7 -6 -5 -3 -2 -2 -2 2 7 13 18 11 13 15 17 26 20 10 6 -1 -2 -2 -6 -6 -2 -1 2 5 9 11 12 11 10 8 5 11 15 6 8 6 11 5 9 24 27 15 13 15 17 25 34 49 47 40 34 41 53 69 69 44 37 26 22 14 12 14 16 22 31 36 37 38 59 88 72 52 56 73 64 52 43 41 40 28 22 26 20 13
