GEBCO/GEBCO_06_Apr_2023_eb7889e085b8/gebco_2022_n38.0_s35.0_w123.0_e127.0.asc
ncols        960
nrows        720
xllcorner    123.000000000000
yllcorner    35.000000000000
cellsize     0.004166666667
NODATA_value -32767
[rows 336 to 377 of 720, columns 768 to 863 of 960]
-12 -12 -7 -15 -16 -16 -9 -9 24 23 3 -3 -5 -5 -7 -7 -11 -7 -3 -3 -2 8 3 4 4 3 15 11 9 9 15 27 30 21 13 9 17 36 33 19 16 3 11 12 -1 -1 -1 -9 -14 -14 -2 -2 -2 -4 -5 -6 -10 -13 -8 -7 -5 -1 2 3 5 8 5 11 18 19 14 18 16 14 9 16 5 15 24 31 61 53 18 26 32 21 19 20 22 21 24 24 43 81 61 59
13 -4 -6 -13 -11 -10 -9 -9 -6 15 1 -3 -6 -6 -6 -10 -5 -4 -1 -1 19 17 3 3 3 2 5 5 8 8 23 40 50 35 26 19 23 25 20 16 17 1 -1 16 -1 -1 -1 -3 -13 -13 -15 -8 -3 -5 -6 -6 -8 -15 -4 -4 -2 5 14 15 16 24 26 32 45 59 42 36 41 43 35 8 4 6 5 14 42 59 22 43 48 49 29 36 47 29 42 35 30 38 38 52
-6 -2 -5 -13 -15 -10 -10 -6 -6 21 22 -4 -8 -8 -8 -12 -5 -4 -3 -3 -1 6 6 7 2 1 2 4 7 5 14 26 42 32 19 14 13 32 23 11 7 8 -4 -3 -2 -2 -1 -3 -5 -5 -11 -14 -7 -10 -8 -8 -10 -10 -4 -2 4 5 11 23 35 57 71 72 91 97 49 50 90 102 56 14 5 8 17 10 13 26 21 43 40 41 44 58 53 31 45 43 39 29 30 46
-9 -1 -6 -11 -12 -10 -11 -11 -5 -3 -4 -5 -7 -7 -9 -11 -8 -8 -8 -8 -2 2 10 1 1 -1 1 4 9 5 18 30 41 25 13 17 16 13 25 32 10 7 -8 -6 -4 -4 -4 -6 -3 -3 -14 -14 -14 -12 -7 -7 -12 -5 -3 1 7 15 25 12 24 45 43 43 56 80 81 74 68 80 50 16 13 14 32 26 8 13 18 30 27 22 31 50 49 34 40 48 42 30 30 38
-1 -3 -7 -9 -10 -11 -11 -11 -1 -1 -3 -7 -7 -7 -9 -7 -9 -8 -5 -4 -1 -1 -1 -1 -1 -1 -1 10 8 19 29 42 39 19 21 18 15 11 12 17 12 -3 -7 -6 -5 -3 -2 -3 -3 -2 -5 -13 -11 -11 -9 -9 -10 -5 -3 1 6 13 21 8 19 28 21 32 50 78 82 77 56 49 39 17 29 32 25 36 18 8 17 12 11 15 23 36 47 51 44 61 45 39 38 42
-3 -3 -7 -9 -10 -11 -11 -11 -1 -1 -3 -7 -7 -7 -9 -9 -9 -8 -8 -4 -1 -1 -1 -1 -1 -1 -1 9 9 13 31 46 22 9 23 20 15 10 8 10 9 -3 -5 -4 -4 -3 -3 -3 -10 -2 -5 -13 -11 -11 -9 -9 -10 -5 -3 -2 3 8 14 14 15 24 38 45 68 75 60 76 83 50 28 32 52 35 23 39 34 12 10 9 12 15 21 44 63 79 51 70 60 54 51 65
-2 -2 -8 -8 -12 -12 -11 -11 -8 -4 -5 -7 -9 -9 -9 -10 -10 -10 -7 -7 -5 -2 -2 -1 -1 -1 -1 8 8 22 26 23 37 30 11 8 12 12 9 6 4 1 -1 -1 -2 -3 -4 -5 -2 -2 -2 -6 -13 -11 -8 -8 -9 -7 -6 -2 -1 3 8 16 13 24 39 61 59 50 52 53 67 69 40 57 38 29 47 49 48 21 24 34 45 29 40 45 60 77 57 74 73 55 47 58
-7 -7 -9 -10 -12 -13 -11 -11 -11 -10 -10 -9 -9 -9 -10 -10 -10 -10 -10 -5 -9 -2 -1 -2 -3 -3 -2 3 11 10 14 32 55 53 26 20 27 11 5 9 6 3 1 -1 -2 -4 -2 -5 -1 -1 -2 -6 -9 -10 -10 -10 -14 -3 -3 -5 -3 -3 1 10 22 33 49 48 56 45 33 43 56 70 51 77 58 37 53 47 46 26 25 47 61 45 80 107 78 64 63 93 98 75 62 58
-10 -10 -10 -10 -11 -13 -13 -12 -13 -13 -10 -9 -9 -9 -9 -9 -9 -10 -10 -5 -6 -3 -1 -3 -4 -4 -3 2 11 14 17 29 48 42 33 40 24 7 15 12 34 18 3 -2 -1 -5 -1 -10 -3 -3 -1 -3 -10 -14 -16 -8 -14 -12 -7 -7 -6 -5 -1 8 11 24 38 23 26 21 35 70 79 64 68 93 62 49 77 74 65 53 35 45 54 55 82 132 70 52 45 55 63 69 76 57
-10 -10 -10 -11 -10 -10 -11 -12 -13 -13 -10 -10 -10 -10 -10 -10 -10 -10 -10 -10 -5 -5 -4 -6 -6 -6 -3 -1 4 13 19 19 32 36 18 29 42 20 20 13 31 22 5 -1 -1 -5 -9 -9 -2 -2 -1 -1 -10 -14 -15 -15 -13 -10 -12 -9 -7 -5 -1 6 5 8 14 32 51 47 48 72 94 84 73 87 68 58 93 116 105 72 51 38 45 59 84 121 54 33 45 64 44 48 79 71
-11 -11 -11 -11 -11 -10 -11 -11 -12 -12 -10 -10 -10 -10 -10 -11 -11 -10 -10 -10 -9 -8 -5 -4 -5 -3 -4 -3 2 7 13 10 10 9 9 16 32 31 19 36 40 12 9 3 -2 -1 -4 -9 -4 -2 -1 -3 -6 -13 -15 -15 -13 -10 -12 -7 -7 -6 -3 3 6 13 30 51 73 71 57 60 71 60 50 61 74 45 79 153 142 77 55 46 30 36 83 118 53 31 43 55 43 36 53 59
-11 -11 -11 -11 -11 -11 -11 -11 -12 -12 -11 -10 -10 -10 -10 -10 -10 -10 -10 -10 -10 -8 -5 -4 -5 -5 -5 -3 -1 3 8 8 8 18 26 36 40 50 33 26 23 14 5 5 1 -1 -4 -9 -5 -4 -2 -4 -6 -13 -15 -15 -13 -10 -12 -7 -9 -8 -5 1 10 21 35 49 53 77 88 54 35 34 34 49 59 31 50 116 141 65 41 46 34 30 59 97 64 34 37 45 50 32 38 47
-13 -13 -11 -12 -12 -12 -11 -11 -12 -11 -11 -11 -10 -10 -10 -11 -11 -10 -10 -10 -10 -10 -9 -8 -7 -7 -6 -4 -2 -1 5 18 22 20 35 45 42 34 27 20 20 14 8 5 1 -2 -8 -10 -5 -5 -1 -3 -7 -11 -14 -14 -14 -12 -13 -8 -10 -8 -8 -1 15 18 18 23 48 85 90 92 50 20 22 40 30 28 46 83 133 78 34 30 35 26 29 53 40 33 23 24 26 22 27 34
-13 -13 -12 -12 -12 -11 -11 -11 -12 -12 -12 -11 -10 -10 -10 -10 -10 -10 -10 -10 -10 -10 -8 -8 -7 -7 -6 -6 -2 -1 3 30 33 25 22 32 40 32 38 39 27 14 7 5 2 -5 -10 -10 -1 -1 -1 -1 -4 -8 -12 -12 -12 -12 -11 -12 -8 -8 -8 -2 19 9 9 22 47 59 64 84 43 14 28 35 16 27 42 76 140 104 38 21 30 22 22 45 31 24 19 20 34 30 35 49
-14 -13 -13 -12 -12 -12 -12 -12 -12 -12 -12 -11 -11 -10 -10 -10 -10 -10 -10 -10 -10 -9 -8 -8 -7 -7 -6 -6 -3 -2 21 28 27 14 26 43 39 30 21 14 10 6 11 6 2 -4 -8 -13 -1 -1 -1 -1 -2 -7 -10 -10 -12 -11 -11 -16 -11 -11 -11 -3 8 6 5 17 36 35 51 56 26 9 38 31 16 42 52 62 82 59 28 18 21 16 20 40 30 18 23 32 41 39 57 102
-14 -14 -13 -13 -13 -12 -12 -12 -12 -12 -12 -12 -11 -11 -11 -10 -10 -10 -10 -10 -9 -9 -8 -8 -8 -8 -7 -5 -2 -2 3 12 10 10 16 25 37 51 32 26 21 24 13 8 4 -4 -5 -15 -11 -11 -6 -1 -1 -5 -6 -6 -9 -11 -11 -11 -17 -17 -17 -1 3 7 14 8 16 31 39 33 10 19 46 18 15 31 54 50 46 58 33 17 15 10 12 28 24 19 31 50 76 46 69 154
-15 -14 -14 -13 -13 -13 -12 -12 -12 -12 -12 -12 -11 -11 -11 -11 -10 -10 -10 -10 -9 -9 -9 -9 -9 -9 -8 -5 -1 -1 3 11 18 15 13 19 35 34 41 34 24 24 22 9 4 -2 -6 -11 -12 -12 -11 -1 -1 -4 -5 -5 -7 -8 -10 -11 -10 -10 -14 -9 -3 1 8 6 13 15 38 34 9 13 17 8 21 33 69 40 34 49 37 27 37 14 11 23 23 26 43 49 67 51 70 143
-15 -15 -14 -13 -13 -13 -12 -12 -13 -12 -12 -12 -11 -11 -11 -11 -10 -10 -10 -10 -9 -9 -9 -9 -9 -9 -5 -5 -1 -2 3 13 27 31 27 26 25 20 35 20 7 10 28 32 29 -2 -6 -11 -12 -12 -11 -1 -1 -6 -2 2 -7 -8 -8 -11 -10 -10 -14 -9 -3 -1 3 10 16 22 32 21 20 19 20 6 14 17 39 19 33 51 38 21 21 16 14 34 40 40 32 35 40 45 78 114
-15 -15 -14 -13 -13 -13 -12 -12 -12 -12 -12 -12 -12 -12 -11 -11 -11 -11 -10 -10 -10 -9 -9 -9 -9 -9 -7 -6 -2 -2 5 29 47 56 47 33 20 13 24 26 13 5 13 21 20 -1 -5 -11 -16 -16 -7 -3 -6 -9 -7 -2 -2 -1 -10 -10 -5 -5 -5 -7 -7 -4 1 6 10 21 14 17 19 20 21 23 24 16 17 27 42 84 90 40 12 9 11 22 25 36 23 37 45 44 50 60
-14 -14 -14 -13 -13 -12 -12 -12 -12 -12 -12 -13 -12 -12 -12 -12 -12 -11 -11 -11 -8 -9 -9 -7 -5 -5 -5 -1 -1 -1 22 42 60 57 33 18 12 8 6 9 7 3 3 7 4 -1 -5 -11 -16 -16 -11 -5 -9 -15 -19 -19 5 5 6 -11 -9 -9 -10 -10 -9 -2 -1 4 13 11 11 17 30 30 22 12 24 20 23 14 21 41 61 42 11 5 7 19 12 17 24 40 53 47 38 52
-14 -14 -14 -13 -13 -12 -12 -12 -12 -12 -12 -13 -12 -13 -13 -12 -12 -12 -11 -11 -8 -10 -10 -10 -5 -5 -6 -4 -3 -1 28 29 29 29 30 17 29 32 19 5 4 3 3 11 22 14 1 -2 -2 -2 -14 -7 -8 -17 -15 -15 -5 -3 -4 -10 -18 -18 -10 -12 -8 -5 -1 5 11 16 17 33 35 56 38 37 41 25 14 11 12 19 17 20 13 6 6 22 24 24 23 41 34 33 32 38
-16 -15 -14 -13 -13 -12 -13 -13 -12 -12 -12 -12 -12 -12 -12 -12 -12 -12 -12 -10 -10 -10 -10 -10 -10 -10 -9 -5 -2 -1 1 7 12 10 14 9 18 32 19 10 8 6 8 21 26 14 14 1 -8 -8 -7 -10 -6 -17 -7 -7 -6 -3 -1 -5 -10 -10 -13 -10 -12 -7 -1 6 15 8 10 12 22 33 43 34 37 27 28 23 5 7 6 8 8 11 7 12 28 33 39 68 67 62 46 48
-15 -15 -14 -13 -13 -13 -13 -13 -13 -12 -12 -12 -12 -12 -12 -12 -12 -12 -12 -12 -5 -5 -10 -10 -10 -10 -9 -9 -4 -2 -1 4 14 5 5 5 10 24 35 30 14 19 29 31 21 20 25 20 -2 -2 -8 -15 -5 -6 -6 -6 -10 -9 -1 -2 -6 -6 -18 -10 -8 -8 -1 9 42 26 34 37 22 31 39 22 23 34 52 35 11 6 6 4 4 5 13 10 24 30 32 55 83 55 53 50
-15 -15 -14 -13 -13 -13 -13 -13 -13 -12 -12 -12 -12 -12 -12 -12 -12 -12 -12 -12 -5 -5 -6 -10 -10 -10 -9 -9 -4 -3 -1 2 6 7 4 8 10 14 29 46 40 26 17 16 14 13 15 23 13 -2 -8 -15 -5 -6 -6 -6 -10 -9 -1 -1 -6 -6 -18 -10 -8 -8 -1 23 56 57 75 85 45 73 78 50 39 36 63 33 17 10 11 5 5 5 18 16 18 24 28 48 61 36 42 29
-15 -15 -14 -13 -13 -13 -12 -12 -12 -12 -12 -12 -12 -12 -12 -10 -11 -10 -10 -10 -7 -5 -7 -3 -5 -5 -7 -7 -3 -1 -1 1 9 13 13 14 26 35 37 57 45 29 23 13 5 5 3 4 2 -3 -11 -16 -11 -5 -8 -8 -12 -17 -4 -6 -9 -9 -18 -10 -10 -8 -1 24 43 41 76 108 77 93 80 56 41 35 56 44 23 18 17 7 8 10 19 26 19 31 28 27 33 39 37 26
-16 -15 -14 -13 -13 -12 -12 -12 -11 -11 -11 -15 -12 -12 -13 -7 -7 -12 -10 -10 -9 -9 -10 -8 -7 -7 -9 -9 -6 -2 -1 -1 13 17 24 24 31 34 48 51 24 15 13 6 3 3 2 2 3 -1 -4 -10 -8 -8 -6 -6 -18 -17 -7 -2 -10 -10 -16 -14 -10 -6 -1 22 28 36 54 58 70 115 92 64 51 44 37 30 25 30 21 11 14 22 18 23 25 38 18 14 25 28 24 23
-16 -15 -14 -14 -13 -12 -12 -11 -11 -11 -11 -11 -12 -13 -13 -14 -10 -10 -5 -5 -8 -10 -4 -4 -4 -4 -8 -9 -1 -2 -1 -1 3 23 24 13 19 13 38 43 27 10 7 13 17 12 6 12 13 15 13 -1 -4 -6 -5 -5 -18 -10 -16 -5 -6 -6 -16 -13 -11 -8 -4 16 23 27 41 69 118 140 98 77 53 40 38 33 42 36 32 23 23 25 14 20 19 19 10 16 38 50 17 13
-16 -16 -15 -14 -13 -12 -12 -12 -11 -11 -11 -12 -13 -14 -15 -14 -12 -8 -5 -5 -10 -5 -9 -7 -6 -6 -6 -8 -6 -6 -1 1 10 8 7 5 6 12 24 15 23 18 23 27 16 6 7 14 8 10 -1 -2 -15 -9 -6 -6 -13 -18 -16 -9 -9 -9 -16 -10 -10 -6 -3 21 46 58 41 50 79 107 82 65 48 39 30 37 41 37 35 35 24 23 16 14 18 20 12 11 40 63 19 9
-16 -16 -15 -14 -13 -13 -12 -12 -12 -12 -12 -12 -13 -14 -15 -15 -11 -6 -6 -6 -5 -4 -7 -7 -10 -10 -10 -10 -6 -2 -1 1 18 12 9 13 17 8 9 8 15 29 37 33 19 10 3 3 -1 3 -5 -10 -14 -18 -8 -8 -5 -12 -12 -18 -11 -11 -18 -5 -7 -9 -1 18 54 62 37 44 56 83 49 36 40 27 24 28 29 31 22 13 13 12 14 13 15 8 4 7 20 42 10 3
-16 -16 -15 -14 -13 -13 -12 -12 -13 -12 -12 -12 -10 -10 -15 -15 -11 -6 -6 -6 -5 -4 -7 -7 -10 -10 -10 -5 -6 -2 -1 2 13 6 9 12 9 31 23 17 27 30 22 14 9 7 3 4 1 -2 -5 -10 -14 -18 -8 -8 -5 -12 -12 -18 -11 -11 -18 -5 -7 -9 -1 8 22 21 19 30 36 48 37 20 19 15 20 24 32 34 33 7 9 7 5 -1 -1 6 10 3 11 18 4 2
-17 -16 -15 -15 -14 -12 -12 -12 -12 -12 -12 -12 -13 -13 -10 -8 -17 -10 -7 -7 -10 -8 -1 -2 -6 -6 -2 -2 -7 -2 28 25 10 6 6 8 16 35 26 14 19 31 30 23 12 13 8 6 1 1 -3 -7 -8 -6 -10 -10 -10 -20 -15 -17 -20 -17 -15 -8 -8 -7 -3 1 9 7 9 18 21 27 15 18 25 22 36 48 35 15 22 7 4 -12 -11 -7 -2 13 29 19 6 6 7 7
-17 -16 -15 -15 -14 -13 -12 -12 -12 -13 -14 -9 -10 -10 -10 -17 -11 -7 -12 -12 -12 -2 -1 -7 -3 -3 -8 -8 -5 -1 17 1 4 7 9 8 19 25 11 26 38 32 34 20 12 12 7 5 7 4 10 20 8 -2 -5 -7 -10 -19 -21 -17 -20 -20 -13 -12 -10 -9 -3 -1 8 12 36 62 68 80 55 39 57 33 22 30 29 10 -1 -8 -16 8 -15 -12 16 16 23 16 10 7 5 9
-17 -17 -16 -16 -15 -15 -12 -12 -12 -13 -14 -10 -8 -8 -12 -17 -7 -11 -11 -11 -6 -5 -4 -4 -3 -3 -9 -8 -8 -8 -4 -1 4 8 6 7 16 24 27 26 18 23 37 38 37 24 17 14 4 8 11 18 -1 -1 -2 -2 2 -15 -20 -20 -21 -21 -15 -15 -10 -10 -6 -6 11 17 43 56 44 63 69 60 58 23 10 8 14 1 -5 -14 21 18 -15 -17 6 5 13 16 18 18 9 9
-18 -18 -18 -18 -10 -4 -10 -10 -4 -7 -18 -18 -15 -15 -11 -9 -15 -15 -8 -8 -8 -9 -5 -8 -10 -10 -7 -6 -11 -9 -6 -1 11 13 18 24 36 39 13 6 22 46 38 22 32 20 11 8 13 12 7 4 -1 -3 -3 -3 -3 -22 -22 -20 -20 -20 -20 -14 -11 -10 -10 -5 4 9 18 20 32 52 64 63 68 27 9 5 9 -1 -8 -17 17 39 -39 -29 22 13 6 6 9 20 18 9
-17 -17 -17 -20 -18 -10 -8 10 20 -2 -4 -13 -8 -8 -15 -14 -15 -15 -15 -15 -8 -9 -14 -6 -3 -1 -3 -6 -8 -4 -4 1 19 42 33 13 20 13 3 10 34 29 16 10 25 41 41 24 13 14 9 6 2 -3 -4 -4 -15 -19 -23 -18 -22 -22 -20 -14 -13 -13 -3 -3 1 9 7 12 25 42 45 70 84 52 25 6 4 -2 -8 -17 18 -38 -42 -31 12 16 21 16 20 24 28 28
-17 -17 -17 -20 -18 -10 -8 -3 14 -1 -4 -13 -8 -8 -15 -15 -15 -16 -15 -15 -8 -9 -14 -6 -3 10 -2 -6 -8 -4 -2 2 8 18 14 5 7 3 12 7 14 8 3 3 9 31 37 24 8 15 17 7 3 -3 11 -4 -15 -19 -23 -18 -22 -22 -20 -14 -13 -13 -3 -8 -1 4 5 5 12 34 62 77 94 46 18 13 7 -2 -4 -10 16 14 12 2 4 6 4 4 9 17 22 31
-1 -1 -1 -22 -22 -22 -8 -8 -5 -4 -6 -9 -11 -11 -10 -16 -16 -16 -15 -15 -16 -11 -8 -1 -1 -2 -2 -2 -4 -5 -2 2 9 16 20 22 34 17 8 10 11 2 6 8 17 21 32 29 26 36 23 10 5 -1 -4 -6 -16 -20 -20 -18 -22 -22 -20 -18 -16 -5 -3 -8 -7 -2 6 4 15 33 45 60 51 43 11 14 16 34 11 10 4 12 9 1 3 2 2 5 9 13 21 33
-11 -3 -7 -20 -20 -20 -18 -18 -8 -10 -10 -10 -16 -16 -16 -18 -16 -16 -17 -17 -17 -14 -6 -3 -5 -5 -2 -1 -3 -7 -3 -3 22 43 48 39 29 6 2 7 10 7 14 32 41 50 49 42 31 21 12 12 6 1 -5 -7 -13 -12 -19 -20 -20 -20 -20 -20 -12 -8 -10 -10 -3 -1 -1 4 12 22 42 43 21 -2 3 17 29 23 40 38 28 26 19 4 10 16 15 19 12 13 19 27
-20 -2 -20 -18 -17 -20 -18 -18 -13 -10 -10 -14 -10 -15 -16 -18 -17 -17 -17 -17 -15 -17 -10 -7 -7 -7 -5 -1 -5 -10 -1 -2 -1 4 16 6 4 3 4 7 9 10 24 30 54 49 37 38 47 32 16 25 15 3 -3 -3 -5 -7 -20 -20 -21 -21 -21 -18 -13 -6 -9 -9 -8 -9 -7 14 19 19 20 -1 1 4 10 18 45 56 83 102 96 46 16 8 9 15 30 33 20 16 18 23
-20 -20 -15 -8 -8 -6 -15 -15 -15 -15 -14 -14 -14 -14 -15 -17 -17 -17 -17 -16 -15 -14 -10 -10 -5 -5 -5 -9 -9 -10 -3 -4 -4 -1 1 2 2 6 5 6 5 11 24 20 36 29 35 27 43 34 27 17 9 4 -2 6 -13 -8 -9 -7 -18 -20 -20 -18 -16 -1 -6 -6 -6 -12 -3 14 12 9 2 5 21 32 25 47 117 120 121 132 119 51 20 16 24 17 23 36 26 32 30 47
-16 -16 15 19 -7 -7 -9 -9 -15 -15 -15 -14 -12 -12 -14 -15 -16 -16 -16 -15 -14 -13 -11 -11 -10 -9 -8 -8 -9 -10 -6 -6 -6 -2 -2 -1 1 7 8 18 13 18 21 11 16 26 27 15 16 22 24 6 9 4 10 -2 -1 -13 -11 -7 -28 -28 -20 -20 -11 -7 -3 -3 -17 -15 -4 -1 1 3 33 51 61 66 68 105 136 92 63 84 79 40 47 41 33 23 30 30 37 42 49 67
-16 -16 -9 -8 -7 -7 -9 -9 -15 -15 -15 -15 -12 -12 -15 -15 -16 -16 -16 -15 -14 -13 -11 -11 -10 -9 -9 -9 -9 -10 -6 -6 -6 -2 -2 -1 8 12 10 10 29 43 15 16 11 19 18 16 6 21 20 11 8 13 24 13 -1 -13 -11 -7 -28 -28 -20 -14 -11 -7 -3 -3 -17 -15 -9 -5 -1 17 25 47 50 45 71 137 98 47 45 68 67 86 70 44 38 36 30 44 46 50 68 92
